Rk,Player,Pos,Age,Tm,G,MP,PER,TS%,3PAr,FTr,ORB%,DRB%,TRB%,AST%,STL%,BLK%,TOV%,USG%,,OWS,DWS,WS,WS/48,,OBPM,DBPM,BPM,VORP
1,Steven Adams\adamsst01,C,26,OKC,49,1322,20.1,.597,.008,.396,14.1,23.6,19.0,14.3,1.3,3.6,14.6,17.1,,3.0,2.0,5.0,.182,,1.0,3.3,4.3,2.1
2,Bam Adebayo\adebaba01,PF,22,MIA,54,1865,20.7,.613,.019,.473,8.8,24.2,16.8,22.5,1.8,3.4,17.2,19.9,,4.1,3.0,7.1,.183,,1.1,4.0,5.1,3.3
3,LaMarcus Aldridge\aldrila01,C,34,SAS,50,1661,20.3,.580,.195,.245,6.4,18.1,12.2,11.3,0.9,4.3,7.9,23.3,,3.3,1.3,4.6,.133,,1.4,0.4,1.8,1.6
4,Nickeil Alexander-Walker\alexani01,SG,21,NOP,41,501,7.7,.441,.515,.123,1.7,15.3,8.4,20.5,1.0,1.2,14.3,22.9,,-0.7,0.3,-0.4,-0.038,,-4.0,-2.1,-6.1,-0.5
5,Grayson Allen\allengr01,SG,24,MEM,30,498,11.4,.577,.517,.199,1.1,12.7,7.0,11.7,0.6,0.2,10.7,18.0,,0.5,0.2,0.7,.065,,-0.8,-2.6,-3.4,-0.2
6,Jarrett Allen\allenja01,C,21,BRK,53,1410,20.6,.656,.014,.569,12.3,24.7,18.7,7.9,1.1,4.5,11.7,15.0,,3.8,2.5,6.3,.213,,0.2,3.3,3.5,2.0
7,Kadeem Allen\allenka01,SG,27,NYK,10,117,14.1,.512,.364,.250,1.7,6.6,4.1,27.4,2.1,1.6,14.1,20.6,,0.1,0.1,0.1,.055,,-1.4,-2.5,-3.9,-0.1
8,Al-Farouq Aminu\aminual01,PF,29,ORL,18,380,7.7,.395,.419,.337,6.5,18.4,12.2,7.6,2.3,1.9,14.7,13.3,,-0.4,0.6,0.2,.020,,-5.1,2.1,-3.0,-0.1
9,Justin Anderson\anderju01,SF,26,BRK,3,17,-3.8,.218,.500,.333,0.0,11.8,6.0,0.0,0.0,4.8,0.0,16.9,,-0.1,0.0,-0.1,-0.167,,-12.7,-2.6,-15.3,-0.1
10,Kyle Anderson\anderky01,PF,26,MEM,48,868,13.2,.539,.192,.254,5.6,18.4,12.1,15.4,1.9,2.4,14.8,13.4,,0.7,1.0,1.7,.096,,-1.8,2.2,0.4,0.5
11,Ryan Anderson\anderry01,PF,31,HOU,2,14,9.6,.357,.714,.000,0.0,52.5,26.1,20.1,3.3,0.0,12.5,23.5,,0.0,0.0,0.0,-0.031,,-7.3,1.8,-5.5,0.0
12,Giannis Antetokounmpo\antetgi01,PF,25,MIL,48,1482,32.2,.608,.242,.519,8.4,32.9,21.4,34.0,1.6,3.0,13.0,37.7,,5.0,3.9,8.9,.289,,7.0,5.1,12.0,5.3
13,Kostas Antetokounmpo\antetko01,PF,22,LAL,3,5,8.6,,,,0.0,21.4,11.0,22.4,0.0,0.0,,0.0,,0.0,0.0,0.0,.132,,-4.8,1.0,-3.8,0.0
14,Thanasis Antetokounmpo\antetth01,SF,27,MIL,15,61,13.7,.556,.130,.391,10.3,1.5,5.6,14.1,1.5,1.4,15.6,21.6,,0.0,0.1,0.1,.108,,-1.8,-1.2,-3.0,0.0
15,Carmelo Anthony\anthoca01,PF,35,POR,40,1299,11.7,.500,.282,.187,4.2,16.6,10.5,6.7,1.2,1.2,10.4,21.9,,-0.3,0.8,0.5,.018,,-2.6,-1.3,-3.9,-0.6
16,OG Anunoby\anunoog01,SF,22,TOR,54,1574,12.6,.586,.413,.147,4.1,15.1,9.7,7.5,1.9,2.2,12.1,14.6,,1.3,2.6,3.8,.117,,-0.7,2.2,1.5,1.4
17,Ryan Arcidiacono\arcidry01,PG,25,CHI,51,765,9.0,.556,.628,.156,2.2,10.7,6.3,14.5,1.3,0.4,13.5,12.4,,0.6,0.6,1.2,.073,,-1.8,-1.1,-2.9,-0.2
18,Trevor Ariza\arizatr01,SF,34,TOT,43,1138,10.7,.573,.650,.171,2.7,16.6,9.5,8.1,2.3,0.9,12.3,11.4,,0.9,1.1,2.0,.083,,-0.6,1.1,0.4,0.7
18,Trevor Ariza\arizatr01,SF,34,SAC,32,791,9.5,.543,.739,.164,2.9,18.4,10.4,8.5,2.2,0.8,13.7,11.3,,0.3,0.8,1.1,.069,,-1.3,1.1,-0.2,0.4
18,Trevor Ariza\arizatr01,SF,34,POR,11,347,13.5,.634,.469,.185,2.1,12.6,7.4,7.3,2.6,1.0,9.3,11.8,,0.6,0.3,0.8,.116,,0.9,0.9,1.8,0.3
19,D.J. Augustin\augusdj01,PG,32,ORL,39,1013,14.4,.544,.417,.399,1.5,8.7,5.0,27.2,1.3,0.1,12.4,18.8,,1.5,0.8,2.3,.108,,0.0,-2.1,-2.2,0.0
20,Deandre Ayton\aytonde01,C,21,PHO,23,760,21.0,.563,.006,.156,13.0,27.4,20.0,11.1,1.1,4.2,10.3,23.9,,1.1,1.0,2.1,.134,,-0.7,1.9,1.2,0.6
21,Dwayne Bacon\bacondw01,SG,24,CHO,39,687,6.1,.419,.275,.217,2.3,14.0,7.9,11.6,1.7,0.3,12.2,19.4,,-1.2,0.4,-0.8,-0.054,,-6.2,-1.5,-7.7,-1.0
22,Marvin Bagley\baglema01,PF,20,SAC,13,334,15.9,.512,.132,.186,9.5,23.7,16.4,5.0,0.9,3.4,9.1,25.9,,0.0,0.3,0.4,.055,,-4.0,-1.6,-5.7,-0.3
23,Lonzo Ball\balllo01,PG,22,NOP,47,1503,12.9,.512,.579,.101,3.7,16.4,10.0,28.7,1.9,1.3,20.3,18.7,,0.3,1.3,1.6,.052,,0.0,0.7,0.7,1.0
24,Mo Bamba\bambamo01,C,21,ORL,50,747,16.8,.544,.363,.135,10.3,25.8,17.7,6.8,1.3,8.7,13.4,16.9,,0.4,1.5,2.0,.126,,-2.9,4.2,1.3,0.6
25,J.J. Barea\bareajo01,PG,35,DAL,17,263,19.4,.570,.391,.109,3.2,10.2,6.8,37.5,0.6,0.3,13.5,25.3,,0.7,0.1,0.8,.148,,2.8,-3.6,-0.8,0.1
26,Harrison Barnes\barneha02,PF,27,SAC,54,1870,13.1,.565,.327,.353,3.0,13.2,8.0,9.4,0.8,0.4,8.6,17.7,,2.4,0.9,3.3,.085,,-0.4,-1.1,-1.5,0.2
27,RJ Barrett\barrerj01,SG,19,NYK,45,1372,10.1,.466,.265,.356,3.3,14.7,8.8,12.1,1.6,1.1,12.5,23.2,,-1.5,0.9,-0.5,-0.019,,-3.6,-0.7,-4.3,-0.8
28,Will Barton\bartowi01,SF,29,DEN,48,1598,16.0,.543,.369,.183,4.9,16.6,10.7,16.3,1.6,1.4,9.1,19.9,,2.2,1.9,4.1,.123,,1.1,0.7,1.8,1.5
29,Keita Bates-Diop\bateske01,SF,24,TOT,39,665,12.7,.541,.452,.332,3.2,14.8,8.8,6.6,1.2,2.6,5.5,15.7,,0.7,0.5,1.2,.087,,-1.9,-0.5,-2.3,-0.1
29,Keita Bates-Diop\bateske01,SF,24,MIN,37,646,12.6,.535,.456,.316,3.3,14.9,8.9,6.8,1.2,2.6,5.6,15.9,,0.6,0.5,1.1,.083,,-1.9,-0.4,-2.3,0.0
29,Keita Bates-Diop\bateske01,SF,24,DEN,2,19,15.9,.931,.000,2.000,0.0,11.7,5.8,0.0,0.0,4.8,0.0,8.6,,0.1,0.0,0.1,.222,,-1.0,-1.4,-2.4,0.0
30,Nicolas Batum\batumni01,SF,31,CHO,22,505,9.2,.463,.605,.123,5.2,16.8,10.8,18.2,1.7,1.5,20.5,9.3,,0.2,0.4,0.6,.053,,-2.7,1.3,-1.4,0.1
31,Aron Baynes\baynear01,C,33,PHO,33,756,15.2,.582,.423,.205,7.7,20.3,13.9,12.6,0.4,2.2,10.7,20.5,,1.1,0.6,1.7,.110,,0.7,-0.6,0.1,0.4
32,Kent Bazemore\bazemke01,SF-SG,30,TOT,54,1333,8.2,.479,.493,.252,1.7,15.3,8.5,7.2,2.0,2.2,13.7,16.8,,-1.1,1.1,0.1,.003,,-3.3,0.5,-2.8,-0.3
32,Kent Bazemore\bazemke01,SF,30,POR,43,1111,7.6,.475,.525,.221,1.2,14.5,7.9,7.2,1.9,2.3,14.4,15.9,,-1.0,0.9,-0.1,-0.004,,-3.2,0.7,-2.5,-0.1
32,Kent Bazemore\bazemke01,SG,30,SAC,11,222,11.1,.491,.366,.378,3.9,19.4,11.4,7.2,2.4,1.7,11.1,21.1,,-0.1,0.3,0.2,.036,,-3.8,-0.3,-4.1,-0.1
33,Darius Bazley\bazleda01,PF,19,OKC,53,909,8.2,.475,.435,.204,2.6,20.6,11.9,4.3,1.1,3.3,13.8,14.1,,-0.8,1.2,0.4,.021,,-5.1,1.2,-3.9,-0.4
34,Bradley Beal\bealbr01,SG,26,WAS,46,1635,22.6,.573,.359,.358,2.9,10.8,6.7,29.0,1.4,0.9,11.2,33.5,,3.7,0.2,3.9,.116,,5.0,-3.0,1.9,1.6
35,Malik Beasley\beaslma01,SG,23,TOT,44,844,11.2,.520,.543,.120,1.6,11.0,6.3,10.0,1.9,0.6,10.3,21.3,,0.0,0.8,0.8,.045,,-1.4,-1.7,-3.1,-0.2
35,Malik Beasley\beaslma01,SG,23,DEN,41,746,10.5,.511,.535,.126,1.3,10.1,5.7,9.2,2.1,0.7,10.2,20.5,,-0.1,0.8,0.6,.042,,-1.8,-1.5,-3.3,-0.3
35,Malik Beasley\beaslma01,SG,23,MIN,3,98,16.6,.567,.589,.089,4.1,17.7,10.7,15.9,1.0,0.0,10.7,27.4,,0.1,0.1,0.1,.070,,1.8,-3.3,-1.5,0.0
36,Marco Belinelli\belinma01,SG,33,SAS,47,710,9.1,.496,.554,.171,0.5,11.0,5.7,11.6,0.6,0.0,5.1,16.6,,0.2,0.1,0.3,.022,,-1.4,-3.5,-4.9,-0.5
37,Jordan Bell\belljo01,C,25,MIN,27,235,14.2,.570,.150,.483,12.1,23.1,17.4,8.7,0.4,3.5,19.8,15.9,,0.2,0.2,0.4,.077,,-3.5,0.4,-3.1,-0.1
38,DeAndre' Bembry\bembrde01,SG,25,ATL,43,915,9.6,.500,.285,.211,4.0,14.0,9.0,12.4,2.8,1.7,19.4,14.0,,-0.5,0.8,0.2,.012,,-3.6,1.3,-2.2,-0.1
39,Dragan Bender\bendedr01,SF,22,MIL,7,91,8.5,.582,.429,.143,0.0,20.3,10.8,12.3,0.0,4.8,18.3,12.4,,0.0,0.2,0.2,.108,,-4.2,2.6,-1.6,0.0
40,Dāvis Bertāns\bertada01,PF,27,WAS,44,1291,15.7,.625,.754,.184,2.5,14.9,8.5,8.5,1.2,1.9,7.4,18.3,,2.6,0.3,3.0,.110,,3.3,-2.0,1.3,1.1
41,Patrick Beverley\beverpa01,PG,31,LAC,40,1121,13.1,.549,.605,.131,4.8,16.1,10.6,18.8,2.1,2.0,14.9,13.3,,1.3,1.7,3.1,.131,,1.0,2.9,3.9,1.7
42,Khem Birch\birchkh01,C,27,ORL,38,773,10.4,.537,.009,.593,9.3,15.8,12.4,6.3,1.0,2.4,13.9,9.3,,0.7,0.9,1.6,.100,,-3.3,1.9,-1.4,0.1
43,Goga Bitadze\bitadgo01,C,20,IND,42,362,12.0,.530,.231,.269,6.8,19.8,13.3,7.2,0.4,6.6,14.8,17.3,,0.0,0.5,0.5,.069,,-4.2,1.9,-2.2,0.0
44,Bismack Biyombo\biyombi01,C,27,CHO,45,866,16.4,.571,.000,.529,12.9,20.4,16.5,7.2,0.5,3.9,11.9,17.0,,1.4,0.7,2.0,.114,,-2.2,0.3,-2.0,0.0
45,Nemanja Bjelica\bjeline01,PF,31,SAC,54,1535,16.4,.610,.477,.118,6.4,19.3,12.6,14.6,1.5,2.0,12.7,17.7,,2.8,1.5,4.3,.135,,1.9,0.9,2.9,1.9
46,Eric Bledsoe\bledser01,PG,30,MIL,46,1246,18.7,.578,.299,.295,2.9,13.6,8.6,28.2,1.6,1.5,15.0,24.2,,2.2,2.3,4.6,.175,,1.1,1.1,2.1,1.3
47,Bogdan Bogdanović\bogdabo01,SG,27,SAC,43,1213,13.9,.553,.584,.158,1.3,11.6,6.3,17.2,1.6,0.9,12.1,22.9,,0.7,0.8,1.6,.061,,0.8,-1.6,-0.8,0.4
48,Bojan Bogdanović\bogdabo02,SF,30,UTA,53,1763,16.4,.611,.493,.288,1.9,11.1,6.7,10.1,0.8,0.3,12.9,25.9,,2.6,1.6,4.2,.114,,1.9,-1.7,0.2,1.0
49,Jonah Bolden\boldejo01,PF,24,TOT,5,40,7.0,.465,.222,.444,8.1,14.0,11.0,0.0,2.4,4.3,15.7,13.6,,0.0,0.1,0.0,.025,,-6.9,-0.4,-7.3,-0.1
49,Jonah Bolden\boldejo01,PF,24,PHI,4,14,-2.0,.515,.333,.667,0.0,7.8,3.9,0.0,3.5,0.0,34.0,18.1,,-0.1,0.0,0.0,-0.140,,-10.0,-1.1,-11.1,0.0
49,Jonah Bolden\boldejo01,PF,24,PHO,1,26,11.8,.436,.167,.333,12.5,17.3,14.9,0.0,1.8,6.7,0.0,11.2,,0.0,0.0,0.1,.115,,-5.2,0.0,-5.2,0.0
50,Marques Bolden\boldema01,C,21,CLE,1,3,19.8,,,,0.0,74.4,36.8,0.0,16.2,0.0,,0.0,,0.0,0.0,0.0,.278,,-8.6,10.7,2.2,0.0
51,Jordan Bone\bonejo01,PG,22,DET,9,48,-4.3,.176,.471,.000,0.0,2.4,1.2,22.0,1.0,0.0,10.5,17.2,,-0.2,0.0,-0.2,-0.207,,-10.6,-5.6,-16.2,-0.2
52,Isaac Bonga\bongais01,SF,20,WAS,48,850,11.5,.634,.274,.363,6.3,13.8,9.9,8.0,1.8,1.8,15.3,10.5,,1.2,0.4,1.6,.089,,-0.5,0.1,-0.4,0.4
53,Devin Booker\bookede01,SG,23,PHO,52,1866,20.6,.625,.302,.404,1.5,11.6,6.4,29.5,1.0,0.6,15.6,29.7,,4.4,1.1,5.5,.141,,3.8,-1.9,1.8,1.8
54,Chris Boucher\bouchch01,PF,27,TOR,47,607,19.9,.566,.363,.399,14.3,20.4,17.4,4.9,1.3,6.5,7.1,19.9,,1.4,1.2,2.7,.210,,0.0,1.6,1.7,0.6
55,Brian Bowen\bowenbr02,SG,21,IND,3,10,1.0,.250,.250,.000,0.0,11.0,5.5,0.0,0.0,8.8,0.0,17.6,,0.0,0.0,0.0,-0.154,,-12.7,-0.5,-13.3,0.0
56,Ky Bowman\bowmaky01,PG,22,GSW,40,875,8.8,.482,.345,.127,2.4,10.1,6.1,20.2,2.0,0.6,15.9,16.8,,-0.5,0.4,0.0,-0.001,,-3.4,-1.3,-4.7,-0.6
57,Avery Bradley\bradlav01,SG,29,LAL,39,911,9.0,.545,.402,.068,2.1,8.2,5.2,6.6,1.6,0.3,10.8,15.9,,0.2,1.0,1.2,.063,,-1.7,-0.8,-2.4,-0.1
58,Tony Bradley\bradlto01,C,22,UTA,41,420,20.4,.656,.000,.276,19.3,25.8,22.7,4.0,1.2,3.2,13.2,16.5,,1.2,0.7,2.0,.225,,0.5,0.8,1.3,0.4
59,Jarrell Brantley\brantja01,PF,23,UTA,3,11,9.4,,,,0.0,47.3,24.8,10.8,0.0,15.2,100.0,4.0,,0.0,0.0,0.0,.065,,-11.1,13.2,2.0,0.0
60,Ignas Brazdeikis\brazdig01,SF,21,NYK,9,53,3.3,.351,.409,.227,3.8,6.2,5.0,10.7,0.0,1.8,7.6,20.9,,-0.1,0.0,-0.1,-0.108,,-6.6,-4.0,-10.6,-0.1
61,Mikal Bridges\bridgmi01,SF,23,PHO,55,1413,12.8,.608,.365,.273,3.6,13.5,8.4,8.5,2.7,1.9,12.7,12.6,,1.5,1.7,3.2,.109,,-0.5,2.1,1.7,1.3
62,Miles Bridges\bridgmi02,SF,21,CHO,54,1657,12.5,.537,.403,.169,4.8,15.3,9.8,9.0,1.0,2.2,11.2,19.5,,0.6,1.0,1.5,.045,,-1.5,-0.6,-2.1,-0.1
63,Oshae Brissett\brissos01,SF,21,TOR,17,128,5.4,.440,.441,.235,7.6,11.3,9.5,5.2,1.5,0.8,15.7,14.9,,-0.1,0.2,0.1,.019,,-4.8,-0.4,-5.2,-0.1
64,Ryan Broekhoff\broekry01,SG,29,DAL,17,180,13.3,.568,.864,.136,3.0,21.8,12.5,8.3,1.4,1.9,8.8,16.3,,0.2,0.2,0.4,.115,,0.2,-0.7,-0.4,0.1
65,Malcolm Brogdon\brogdma01,PG,27,IND,41,1262,18.0,.540,.305,.245,2.9,13.9,8.4,35.2,1.0,0.6,14.2,25.6,,1.8,1.2,3.0,.112,,1.9,-0.9,1.0,1.0
66,Dillon Brooks\brookdi01,SG,24,MEM,54,1528,12.2,.524,.386,.194,3.7,8.8,6.3,10.3,1.6,1.2,9.8,24.5,,0.2,1.1,1.3,.040,,-0.9,-1.7,-2.7,-0.3
67,Bruce Brown\brownbr01,SG,23,DET,54,1507,11.8,.516,.219,.283,4.0,14.4,9.2,19.8,2.0,1.6,17.2,15.9,,0.6,1.4,2.0,.063,,-1.9,1.3,-0.6,0.5
68,Charlie Brown\brownch02,SG,22,ATL,10,40,11.1,.472,.474,.263,5.3,5.4,5.4,7.4,2.3,4.2,12.4,25.2,,0.0,0.0,0.0,-0.027,,-4.3,-2.1,-6.4,0.0
69,Jaylen Brown\brownja02,SF,23,BOS,44,1480,17.2,.596,.361,.289,3.4,16.9,10.2,10.4,1.6,0.7,12.4,24.6,,1.9,2.1,4.0,.129,,1.1,-0.5,0.6,1.0
70,Moses Brown\brownmo01,C,20,POR,9,33,6.8,.407,.000,.800,9.5,33.8,21.8,4.1,1.4,2.5,18.2,21.2,,-0.1,0.0,0.0,-0.060,,-10.1,-1.3,-11.4,-0.1
71,Sterling Brown\brownst02,SF,24,MIL,37,556,10.6,.504,.508,.182,4.9,20.1,13.0,8.2,1.7,0.8,13.7,16.8,,-0.1,1.1,1.1,.091,,-3.1,1.0,-2.1,0.0
72,Troy Brown\browntr01,SG,20,WAS,50,1292,14.1,.537,.278,.229,4.5,19.7,11.8,12.3,2.4,0.3,9.9,16.9,,1.2,0.8,2.0,.074,,-0.7,-0.3,-0.9,0.3
73,Jalen Brunson\brunsja01,PG,23,DAL,55,1002,15.3,.555,.312,.194,2.3,11.4,7.0,26.8,1.0,0.3,13.6,20.5,,1.7,0.6,2.2,.108,,0.1,-2.1,-2.0,0.0
74,Thomas Bryant\bryanth01,C,22,WAS,29,738,19.6,.643,.171,.292,8.4,23.7,15.8,12.8,0.6,3.0,12.4,18.6,,1.8,0.3,2.2,.141,,1.2,-0.2,1.0,0.6
75,Reggie Bullock\bullore01,SG,28,NYK,21,545,10.0,.499,.500,.075,2.2,8.1,5.0,8.5,2.1,0.0,5.9,17.1,,0.2,0.3,0.5,.042,,-0.9,-1.7,-2.5,-0.1
76,Trey Burke\burketr01,PG,27,PHI,25,329,15.4,.545,.299,.142,5.0,6.6,5.8,24.2,1.0,0.3,8.2,19.3,,0.6,0.3,0.9,.134,,0.5,-2.7,-2.2,0.0
77,Alec Burks\burksal01,SG,28,TOT,49,1404,16.1,.551,.374,.370,2.7,15.0,8.6,17.6,1.7,1.1,9.7,23.7,,1.7,0.9,2.5,.087,,0.4,-1.4,-1.0,0.4
77,Alec Burks\burksal01,SG,28,GSW,48,1390,16.2,.552,.373,.373,2.8,15.2,8.7,17.6,1.7,1.1,9.8,23.8,,1.7,0.9,2.6,.089,,0.5,-1.3,-0.8,0.4
77,Alec Burks\burksal01,SG,28,PHI,1,14,0.4,.250,.500,.000,0.0,0.0,0.0,18.5,0.0,0.0,0.0,12.3,,0.0,0.0,0.0,-0.057,,-8.3,-7.4,-15.7,0.0
78,Deonte Burton\burtode02,SG,26,OKC,30,254,5.8,.412,.419,.129,2.3,14.3,8.5,5.6,0.8,3.0,8.4,18.6,,-0.5,0.3,-0.2,-0.039,,-6.2,-0.9,-7.2,-0.3
79,Jimmy Butler\butleji01,SF,30,MIA,46,1582,24.0,.587,.182,.678,6.3,15.5,11.1,28.1,2.5,1.6,11.5,25.5,,5.3,2.2,7.5,.228,,3.6,1.7,5.3,2.9
80,Bruno Caboclo\cabocbr01,SF,24,MEM,22,192,11.9,.441,.362,.043,9.5,14.6,12.1,7.0,2.4,5.3,9.1,16.8,,-0.1,0.3,0.2,.047,,-3.2,2.2,-1.1,0.0
81,Kentavious Caldwell-Pope\caldwke01,SG,26,LAL,53,1343,12.0,.601,.478,.217,2.9,6.1,4.5,9.0,1.5,0.7,9.7,14.6,,2.0,1.3,3.3,.119,,0.7,-0.6,0.1,0.7
82,Vlatko Čančar\cancavl01,SF,22,DEN,11,38,13.0,.588,.455,.364,8.7,14.6,11.6,10.9,1.3,2.4,19.0,18.0,,0.0,0.0,0.1,.107,,-1.4,-0.4,-1.8,0.0
83,Clint Capela\capelca01,C,25,HOU,39,1279,20.7,.626,.000,.268,13.6,30.3,21.9,5.7,1.2,4.8,12.7,16.0,,2.9,2.1,5.0,.186,,-1.0,2.4,1.4,1.1
84,DeMarre Carroll\carrode01,SF,33,SAS,15,135,5.0,.437,.448,.690,5.6,19.0,12.3,10.2,0.7,1.3,20.9,15.3,,-0.2,0.1,-0.1,-0.036,,-5.1,-1.2,-6.2,-0.1
85,Jevon Carter\carteje01,PG,24,PHO,40,578,10.6,.541,.546,.105,3.9,10.7,7.3,12.9,2.5,1.6,15.0,13.8,,0.2,0.6,0.8,.068,,-1.4,0.8,-0.6,0.2
86,Vince Carter\cartevi01,SF,43,ATL,49,749,7.8,.473,.669,.112,2.0,13.5,7.7,8.3,1.2,2.7,9.9,16.8,,-0.5,0.3,-0.1,-0.009,,-3.4,-1.3,-4.7,-0.5
87,Wendell Carter\cartewe01,C,20,CHI,37,1109,16.1,.592,.091,.417,12.3,24.3,18.0,6.0,1.3,2.8,14.5,16.5,,1.7,1.5,3.1,.136,,-1.6,1.4,-0.3,0.5
88,Michael Carter-Williams\cartemi01,SG,28,ORL,32,566,15.4,.504,.260,.350,5.4,13.9,9.5,23.1,3.0,2.5,14.3,18.3,,0.3,0.9,1.3,.108,,-1.5,2.3,0.8,0.4
89,Alex Caruso\carusal01,PG,25,LAL,50,908,10.6,.540,.420,.290,1.4,9.8,5.7,12.1,2.7,1.4,14.0,13.7,,0.5,1.3,1.8,.097,,-1.6,1.3,-0.4,0.4
90,Willie Cauley-Stein\caulewi01,C,26,TOT,50,1051,16.9,.585,.003,.216,7.9,22.7,15.1,10.0,2.2,4.9,10.9,14.5,,1.4,1.4,2.8,.128,,-2.0,3.3,1.3,0.9
90,Willie Cauley-Stein\caulewi01,C,26,GSW,41,940,16.2,.573,.000,.222,7.8,21.8,14.6,10.0,2.3,4.8,11.0,14.4,,1.1,1.2,2.3,.115,,-2.3,3.3,1.0,0.7
90,Willie Cauley-Stein\caulewi01,C,26,DAL,9,111,23.0,.682,.029,.176,8.6,29.8,19.4,9.7,1.8,6.1,9.8,15.7,,0.3,0.2,0.5,.233,,0.2,3.6,3.8,0.2
91,Tyson Chandler\chandty01,C,37,HOU,26,219,10.8,.717,.000,.722,11.8,19.7,15.7,3.5,1.3,3.1,25.2,6.0,,0.3,0.3,0.6,.129,,-2.5,1.4,-1.1,0.1
92,Wilson Chandler\chandwi01,SF,32,BRK,25,517,8.8,.552,.624,.143,1.6,19.5,10.8,8.4,1.4,1.3,16.0,13.6,,0.0,0.7,0.7,.066,,-3.1,1.1,-2.0,0.0
93,Zylan Cheatham\cheatzy01,SF,24,NOP,3,31,0.1,.400,.200,.000,3.4,17.2,10.2,8.0,0.0,2.7,37.5,10.6,,-0.1,0.0,-0.1,-0.085,,-8.6,0.4,-8.2,0.0
94,Chris Chiozza\chiozch01,PG,24,TOT,14,146,9.9,.395,.488,.000,0.0,13.6,6.6,29.9,3.8,1.2,18.9,15.1,,-0.1,0.1,0.0,.008,,-3.9,-0.2,-4.1,-0.1
94,Chris Chiozza\chiozch01,PG,24,WAS,10,123,9.2,.397,.471,.000,0.0,13.7,6.6,28.4,3.8,1.4,20.9,14.5,,-0.1,0.1,0.0,-0.004,,-4.2,-0.2,-4.4,-0.1
94,Chris Chiozza\chiozch01,PG,24,BRK,4,23,13.7,.389,.556,.000,0.0,13.0,6.7,37.6,4.1,0.0,10.0,18.2,,0.0,0.0,0.0,.070,,-2.3,-0.2,-2.5,0.0
95,Marquese Chriss\chrisma01,PF,22,GSW,50,959,19.0,.596,.114,.412,10.1,22.1,15.9,14.3,1.6,4.9,15.2,19.1,,1.5,1.1,2.6,.128,,-0.9,2.2,1.3,0.8
96,Gary Clark\clarkga01,PF,25,TOT,30,370,11.4,.552,.860,.097,6.9,14.8,10.8,4.7,0.5,3.1,4.0,11.5,,0.5,0.3,0.9,.114,,-1.0,-1.0,-2.0,0.0
96,Gary Clark\clarkga01,PF,25,HOU,18,212,11.9,.564,.864,.119,5.4,14.4,9.8,7.6,0.4,2.8,3.1,12.4,,0.4,0.2,0.6,.126,,0.0,-1.1,-1.1,0.0
96,Gary Clark\clarkga01,PF,25,ORL,12,158,10.8,.530,.853,.059,9.1,15.4,12.1,0.9,0.6,3.4,5.4,10.2,,0.1,0.2,0.3,.098,,-2.3,-0.9,-3.3,-0.1
97,Brandon Clarke\clarkbr01,PF,23,MEM,47,1025,21.8,.674,.128,.236,6.9,20.7,13.9,9.9,1.1,3.3,9.3,19.3,,2.9,1.1,4.1,.190,,1.8,0.8,2.5,1.2
98,Jordan Clarkson\clarkjo01,SG,27,TOT,53,1277,18.6,.587,.479,.205,3.1,8.3,5.8,14.3,1.2,0.9,8.5,25.5,,2.6,0.7,3.3,.122,,2.9,-2.8,0.1,0.7
98,Jordan Clarkson\clarkjo01,SG,27,CLE,29,666,18.8,.581,.488,.264,3.4,8.0,5.7,17.1,1.2,1.0,9.7,25.8,,1.4,0.1,1.5,.108,,3.0,-3.6,-0.6,0.2
98,Jordan Clarkson\clarkjo01,SG,27,UTA,24,611,18.4,.594,.471,.143,2.8,8.7,5.9,11.3,1.2,0.8,7.1,25.2,,1.2,0.6,1.8,.138,,2.8,-1.9,0.9,0.4
99,Nicolas Claxton\claxtni01,PF,20,BRK,14,183,14.5,.570,.152,.413,11.0,13.1,12.1,12.8,0.3,3.6,14.2,14.5,,0.3,0.2,0.5,.120,,-1.5,1.2,-0.3,0.1
100,Chris Clemons\clemoch01,SG,22,HOU,28,246,12.7,.547,.750,.056,1.3,8.5,4.9,13.2,1.1,1.7,11.8,24.1,,0.1,0.2,0.2,.047,,-0.7,-3.7,-4.4,-0.2
101,Antonius Cleveland\clevean01,SG,25,DAL,6,22,3.0,.363,.167,.333,0.0,14.1,7.2,0.0,2.2,3.9,12.7,15.3,,-0.1,0.0,0.0,-0.078,,-10.3,-0.6,-10.9,0.0
102,Amir Coffey\coffeam01,SG,22,LAC,6,54,9.8,.515,.278,.056,3.9,9.3,6.7,8.0,0.9,1.6,9.8,15.7,,0.0,0.1,0.1,.051,,-3.1,-0.7,-3.9,0.0
103,John Collins\collijo01,PF,22,ATL,30,967,22.7,.643,.244,.221,8.6,25.7,17.1,7.4,0.9,4.2,9.7,22.9,,2.4,0.9,3.2,.161,,1.5,-0.3,1.2,0.8
104,Zach Collins\colliza01,PF,22,POR,3,86,9.0,.624,.368,.316,4.8,9.4,7.2,9.2,0.0,1.9,21.7,13.6,,0.1,0.0,0.1,.046,,-1.8,-1.6,-3.4,0.0
105,Mike Conley\conlemi01,PG,32,UTA,32,893,13.0,.511,.416,.263,2.4,9.8,6.3,22.2,1.2,0.4,12.2,23.6,,0.5,0.9,1.4,.073,,-0.2,-0.9,-1.1,0.2
106,Pat Connaughton\connapa01,SG,27,MIL,50,914,11.0,.549,.514,.117,5.1,17.8,11.8,10.7,0.7,2.5,15.1,11.9,,0.6,1.7,2.3,.122,,-1.9,2.2,0.3,0.5
107,Quinn Cook\cookqu01,PG,26,LAL,34,387,10.8,.521,.375,.056,2.0,8.8,5.5,13.8,1.2,0.2,12.3,20.4,,0.0,0.4,0.4,.046,,-2.5,-2.4,-4.9,-0.3
108,Tyler Cook\cookty01,PF,22,CLE,11,35,24.0,.752,.000,.600,12.5,19.1,15.8,4.5,1.4,0.0,7.3,16.6,,0.2,0.0,0.2,.243,,2.4,-3.3,-1.0,0.0
109,Robert Covington\covinro01,PF,29,TOT,52,1538,13.6,.571,.639,.184,2.8,19.0,10.6,6.1,2.6,2.8,12.0,17.7,,0.7,2.1,2.8,.087,,-0.6,1.3,0.7,1.0
109,Robert Covington\covinro01,PF,29,MIN,48,1411,13.6,.572,.629,.190,2.6,19.3,10.7,5.9,2.6,2.6,12.0,17.8,,0.6,1.9,2.5,.084,,-0.6,1.2,0.6,0.9
109,Robert Covington\covinro01,PF,29,HOU,4,127,13.7,.554,.762,.119,4.9,15.7,10.3,7.7,2.6,4.7,12.0,16.3,,0.1,0.2,0.3,.110,,-0.6,2.0,1.5,0.1
110,Allen Crabbe\crabbal01,SG,27,TOT,36,642,6.3,.475,.669,.080,1.8,11.2,6.4,7.0,1.1,0.5,8.1,12.7,,-0.2,0.2,0.0,-0.001,,-3.1,-2.0,-5.2,-0.5
110,Allen Crabbe\crabbal01,SG,27,ATL,28,522,7.2,.482,.650,.084,2.0,11.5,6.7,7.4,1.3,0.6,7.5,12.8,,0.0,0.1,0.1,.009,,-2.8,-1.8,-4.5,-0.3
110,Allen Crabbe\crabbal01,SG,27,MIN,8,120,2.4,.441,.750,.063,0.8,9.9,5.2,5.7,0.0,0.0,10.8,12.7,,-0.1,0.0,-0.1,-0.042,,-4.8,-3.1,-7.9,-0.2
111,Torrey Craig\craigto01,SF,29,DEN,42,760,10.0,.549,.520,.177,6.1,14.6,10.3,4.9,1.0,3.3,9.2,11.8,,0.6,0.9,1.5,.095,,-1.5,0.8,-0.7,0.3
112,Jae Crowder\crowdja01,SF,29,TOT,48,1413,12.0,.529,.668,.243,3.3,18.9,11.2,11.7,1.8,0.9,10.6,15.7,,0.9,1.4,2.3,.078,,-0.1,0.6,0.6,0.9
112,Jae Crowder\crowdja01,SF,29,MEM,45,1322,11.0,.507,.667,.238,3.3,18.6,11.1,12.1,1.7,0.9,10.9,15.6,,0.4,1.3,1.7,.063,,-0.5,0.7,0.1,0.7
112,Jae Crowder\crowdja01,SF,29,MIA,3,91,26.1,.819,.690,.310,3.9,22.3,13.5,7.0,3.2,1.1,5.7,17.0,,0.4,0.2,0.6,.299,,6.6,0.2,6.7,0.2
113,Jarrett Culver\culveja01,SG,20,MIN,52,1268,9.1,.449,.390,.205,4.7,10.0,7.3,11.0,1.9,2.3,11.8,19.4,,-1.4,1.0,-0.3,-0.012,,-3.5,0.1,-3.4,-0.4
114,Seth Curry\curryse01,SG,29,DAL,51,1203,15.5,.631,.567,.168,2.0,7.9,5.0,12.0,1.2,0.6,9.0,18.2,,2.8,0.6,3.4,.134,,2.6,-2.1,0.5,0.8
115,Stephen Curry\curryst01,PG,31,GSW,4,112,20.3,.548,.561,.273,3.7,15.9,9.6,42.1,2.1,1.6,16.9,33.8,,0.1,0.1,0.2,.069,,4.3,-1.2,3.1,0.1
116,Troy Daniels\danietr01,SG,28,LAL,39,446,9.0,.529,.706,.098,3.0,7.7,5.4,4.1,0.9,0.6,5.3,16.0,,0.3,0.4,0.7,.071,,-0.9,-2.6,-3.5,-0.2
117,Anthony Davis\davisan02,PF,26,LAL,46,1595,28.3,.619,.188,.455,6.7,22.1,14.6,15.1,2.2,6.0,10.1,29.2,,5.5,3.3,8.8,.265,,3.4,3.7,7.1,3.7
118,Ed Davis\davised01,C,30,UTA,25,268,7.3,.425,.000,.324,12.4,25.6,19.3,3.8,1.8,2.8,25.1,8.5,,-0.1,0.5,0.4,.079,,-4.6,3.5,-1.0,0.1
119,Terence Davis\daviste02,SG,22,TOR,55,954,15.5,.615,.567,.125,5.0,16.1,10.6,14.7,1.5,1.1,13.2,18.4,,1.6,1.4,3.0,.150,,1.3,0.3,1.6,0.9
120,Dewayne Dedmon\dedmode01,C,30,TOT,37,619,9.3,.489,.416,.157,8.3,26.3,17.0,3.9,1.4,5.4,19.8,18.4,,-0.8,0.8,0.0,.003,,-5.9,1.2,-4.7,-0.4
120,Dewayne Dedmon\dedmode01,C,30,SAC,34,541,8.6,.477,.415,.164,9.3,26.1,17.4,4.0,1.4,4.6,20.4,18.5,,-0.8,0.7,-0.1,-0.005,,-6.0,0.8,-5.2,-0.4
120,Dewayne Dedmon\dedmode01,C,30,ATL,3,78,14.2,.567,.423,.115,1.4,27.9,14.5,3.8,1.8,10.7,15.5,17.2,,0.0,0.1,0.1,.061,,-5.7,3.9,-1.7,0.0
121,Matthew Dellavedova\dellama01,PG,29,CLE,46,565,7.1,.428,.523,.219,2.3,7.9,5.1,28.1,1.3,0.2,22.6,13.7,,-0.2,0.0,-0.2,-0.013,,-3.8,-3.3,-7.1,-0.7
122,DeMar DeRozan\derozde01,SF,30,SAS,52,1783,22.0,.604,.035,.423,2.0,15.6,8.8,24.5,1.5,0.6,11.5,27.2,,4.6,1.0,5.6,.151,,2.4,-1.0,1.5,1.6
123,Cheick Diallo\diallch01,C,23,PHO,38,420,17.0,.707,.017,.289,6.2,23.9,14.9,7.3,1.1,2.3,16.0,16.4,,0.8,0.5,1.3,.145,,-1.7,0.2,-1.5,0.1
124,Hamidou Diallo\diallha01,SF,21,OKC,32,606,8.6,.488,.150,.202,4.7,14.8,9.9,4.6,2.0,0.8,13.6,17.7,,-0.5,0.7,0.2,.015,,-4.8,-0.1,-4.9,-0.4
125,Gorgui Dieng\dienggo01,C,30,TOT,47,791,18.1,.563,.435,.208,9.5,25.3,17.2,11.5,2.3,4.5,12.7,18.5,,1.0,1.2,2.2,.136,,-0.2,2.7,2.4,0.9
125,Gorgui Dieng\dienggo01,C,30,MIN,46,778,18.0,.563,.433,.213,9.5,25.5,17.3,11.3,2.2,4.5,12.7,18.4,,1.0,1.2,2.2,.135,,-0.3,2.6,2.3,0.8
125,Gorgui Dieng\dienggo01,C,30,MEM,1,13,25.8,.583,.500,.000,8.3,16.0,12.2,23.2,7.2,6.6,14.3,22.5,,0.0,0.0,0.1,.208,,3.9,7.2,11.0,0.0
126,Spencer Dinwiddie\dinwisp01,SG,26,BRK,53,1654,18.0,.538,.379,.419,1.7,9.5,5.7,34.9,1.0,0.8,12.2,29.7,,2.7,1.5,4.2,.121,,2.4,-1.8,0.5,1.1
127,Donte DiVincenzo\divindo01,SG,23,MIL,49,1124,14.8,.560,.477,.154,4.6,14.9,10.1,12.7,3.0,1.1,13.0,16.9,,1.0,2.5,3.5,.151,,0.0,2.6,2.7,1.3
128,Luka Dončić\doncilu01,PG,20,DAL,44,1443,29.2,.592,.444,.445,4.6,25.6,15.3,46.4,1.5,0.4,14.6,37.3,,5.4,1.7,7.1,.236,,9.5,1.8,11.4,4.9
129,Luguentz Dort\dortlu01,SG,20,OKC,20,416,6.3,.511,.490,.235,3.0,4.9,4.0,3.9,1.8,0.2,9.6,13.2,,0.0,0.3,0.3,.038,,-2.0,-0.8,-2.8,-0.1
130,Damyean Dotson\dotsoda01,SG,25,NYK,45,783,11.2,.537,.566,.120,1.0,10.3,5.5,10.1,1.3,0.5,6.6,16.3,,0.6,0.3,1.0,.059,,-0.7,-2.2,-2.9,-0.2
131,Sekou Doumbouya\doumbse01,SF,19,DET,29,571,6.8,.486,.405,.205,3.1,16.1,9.6,2.8,1.5,1.0,13.3,17.7,,-0.6,0.4,-0.2,-0.015,,-5.1,-1.6,-6.7,-0.7
132,PJ Dozier\doziepj01,PG,23,DEN,15,221,9.8,.467,.313,.133,2.5,12.5,7.5,16.7,1.6,2.1,11.1,19.4,,-0.1,0.2,0.2,.035,,-3.4,-0.3,-3.8,-0.1
133,Goran Dragić\dragigo01,PG,33,MIA,43,1217,16.2,.576,.475,.317,1.8,9.6,5.9,28.8,1.0,0.6,15.4,25.7,,1.6,0.9,2.5,.099,,1.6,-2.5,-1.0,0.3
134,Andre Drummond\drumman01,C,26,TOT,51,1705,22.2,.549,.035,.375,15.6,37.7,26.5,13.9,2.8,4.1,18.2,25.6,,0.8,3.4,4.3,.120,,-1.4,4.4,3.0,2.2
134,Andre Drummond\drumman01,C,26,DET,49,1654,22.2,.550,.031,.376,15.3,37.7,26.4,13.9,2.9,4.1,18.0,25.4,,0.9,3.4,4.2,.123,,-1.4,4.5,3.2,2.1
134,Andre Drummond\drumman01,C,26,CLE,2,51,23.8,.525,.148,.370,25.7,37.2,31.4,13.6,1.9,5.0,22.3,33.8,,-0.1,0.1,0.0,.019,,-2.4,1.1,-1.3,0.0
135,Jared Dudley\dudleja01,SF,34,LAL,36,297,7.6,.593,.688,.042,1.9,12.6,7.4,7.3,1.8,0.9,10.9,7.8,,0.3,0.4,0.6,.104,,-1.5,0.7,-0.7,0.1
136,Kris Dunn\dunnkr01,PG,25,CHI,51,1269,12.2,.510,.327,.158,1.9,14.6,8.0,19.7,3.8,1.3,15.7,14.6,,0.3,2.0,2.3,.087,,-2.1,2.7,0.5,0.8
137,Carsen Edwards\edwarca01,SG,21,BOS,33,296,6.5,.442,.602,.126,1.8,13.0,7.5,10.0,1.6,0.9,12.1,17.9,,-0.3,0.4,0.1,.010,,-3.9,-1.0,-4.9,-0.2
138,Henry Ellenson\ellenhe01,PF,23,BRK,5,15,-1.2,.143,.571,.000,14.1,26.6,20.5,8.8,0.0,0.0,0.0,19.5,,-0.1,0.0,-0.1,-0.178,,-9.8,-2.9,-12.7,0.0
139,Wayne Ellington\ellinwa01,SG,32,NYK,28,429,8.4,.515,.799,.097,0.9,10.8,5.7,9.3,1.2,0.4,9.7,15.3,,0.1,0.2,0.3,.031,,-1.4,-2.3,-3.7,-0.2
140,Joel Embiid\embiijo01,C,25,PHI,39,1188,24.9,.584,.244,.523,9.7,33.1,21.5,17.5,1.3,3.8,13.3,32.0,,2.5,2.3,4.9,.196,,1.6,2.2,3.8,1.8
141,James Ennis\ennisja01,SF,29,TOT,51,806,12.3,.563,.464,.285,7.0,14.2,10.6,7.3,1.4,1.5,11.1,15.9,,0.9,1.0,1.9,.113,,-1.0,-0.3,-1.3,0.1
141,James Ennis\ennisja01,SF,29,PHI,49,776,12.3,.564,.469,.270,6.8,14.3,10.6,7.4,1.4,1.5,10.9,15.8,,0.8,1.0,1.9,.115,,-1.0,-0.2,-1.1,0.2
141,James Ennis\ennisja01,SF,29,ORL,2,30,11.7,.558,.333,.667,10.2,11.1,10.6,5.0,0.0,0.0,14.7,19.8,,0.0,0.0,0.0,.061,,-2.9,-3.9,-6.8,0.0
142,Drew Eubanks\eubandr01,PF,22,SAS,8,42,20.4,.705,.000,.200,15.4,28.0,21.7,7.6,0.0,2.1,23.5,22.0,,0.1,0.0,0.1,.121,,-1.3,-2.4,-3.8,0.0
143,Jacob Evans\evansja02,SG,22,TOT,28,415,5.7,.439,.286,.218,2.2,8.6,5.3,10.9,1.3,2.6,14.6,17.5,,-0.6,0.2,-0.4,-0.052,,-6.3,-1.2,-7.5,-0.6
143,Jacob Evans\evansja02,SG,22,GSW,27,414,5.7,.439,.286,.218,2.3,8.6,5.3,11.0,1.3,2.6,14.6,17.6,,-0.6,0.2,-0.4,-0.052,,-6.3,-1.2,-7.5,-0.6
143,Jacob Evans\evansja02,SG,22,MIN,1,1,0.0,,,,0.0,0.0,0.0,0.0,0.0,0.0,,0.0,,0.0,0.0,0.0,-0.008,,-6.8,-0.2,-6.9,0.0
144,Dante Exum\exumda01,SG,24,TOT,32,430,9.4,.545,.333,.333,2.3,12.3,7.3,12.6,1.5,1.0,19.0,15.2,,0.0,0.2,0.2,.023,,-3.1,-0.8,-3.9,-0.2
144,Dante Exum\exumda01,SG,24,UTA,11,83,4.9,.503,.261,.087,4.1,11.3,7.9,11.7,0.6,2.0,29.5,17.8,,-0.2,0.1,-0.1,-0.047,,-6.4,0.3,-6.1,-0.1
144,Dante Exum\exumda01,SG,24,CLE,21,347,10.5,.555,.353,.400,1.9,12.5,7.2,12.8,1.7,0.7,16.0,14.6,,0.2,0.1,0.3,.039,,-2.3,-1.1,-3.4,-0.1
145,Tacko Fall\fallta01,C,24,BOS,6,24,23.9,.713,.000,.250,0.0,48.9,24.7,0.0,0.0,7.6,18.4,29.0,,0.0,0.1,0.1,.102,,-9.4,-4.4,-13.8,-0.1
146,Derrick Favors\favorde01,C,28,NOP,36,859,19.6,.631,.020,.215,14.0,30.0,21.9,11.1,1.1,3.5,15.1,15.2,,1.9,1.1,3.0,.166,,0.2,2.4,2.6,1.0
147,Cristiano Felício\feliccr01,PF,27,CHI,15,267,12.6,.661,.051,.462,14.9,14.1,14.5,5.2,1.1,0.4,20.4,9.4,,0.5,0.2,0.7,.128,,-1.0,0.0,-1.1,0.1
148,Terrance Ferguson\fergute01,SF,21,OKC,41,1024,4.4,.520,.775,.075,2.3,4.7,3.6,5.1,1.1,1.0,12.7,8.8,,0.0,0.7,0.7,.034,,-1.4,0.2,-1.2,0.2
149,Bruno Fernando\fernabr01,C,21,ATL,45,550,11.4,.538,.204,.257,10.7,19.0,14.8,10.0,1.3,2.4,19.1,15.8,,0.1,0.4,0.5,.041,,-3.1,0.0,-3.1,-0.2
150,Yogi Ferrell\ferreyo01,PG,26,SAC,42,467,11.5,.510,.402,.213,1.4,10.0,5.6,17.8,1.5,0.8,11.4,18.9,,0.2,0.3,0.5,.048,,-2.3,-2.1,-4.5,-0.3
151,Dorian Finney-Smith\finnedo01,PF,26,DAL,55,1635,12.4,.594,.584,.208,7.3,12.4,9.9,6.8,1.1,1.6,11.2,12.9,,2.6,1.2,3.7,.110,,1.4,0.4,1.8,1.6
152,Bryn Forbes\forbebr01,SG,26,SAS,54,1367,11.0,.553,.648,.139,0.9,7.7,4.4,10.5,1.0,0.0,8.0,18.6,,1.0,0.2,1.2,.042,,0.9,-3.4,-2.5,-0.2
153,Evan Fournier\fournev01,SG,27,ORL,54,1713,16.2,.592,.459,.242,0.7,8.5,4.5,17.0,1.7,0.5,11.4,24.4,,2.2,1.6,3.8,.106,,2.0,-1.8,0.2,0.9
154,De'Aaron Fox\foxde01,PG,22,SAC,36,1135,19.8,.544,.210,.435,2.4,12.9,7.5,36.9,2.3,1.7,15.3,29.5,,1.3,1.1,2.4,.102,,1.5,0.1,1.7,1.1
155,Melvin Frazier\frazime01,SG,23,ORL,14,48,9.2,.480,.412,.235,2.1,6.9,4.4,3.1,4.1,3.8,9.6,18.8,,-0.1,0.1,0.0,.036,,-4.7,1.3,-3.3,0.0
156,Michael Frazier\frazimi01,SG,25,HOU,7,60,2.5,.515,.778,.667,1.7,3.5,2.6,2.1,1.5,0.0,14.7,9.3,,0.0,0.0,0.0,.018,,-3.8,-1.9,-5.7,-0.1
157,Tim Frazier\fraziti01,PG,29,DET,27,355,9.8,.464,.319,.255,2.8,7.7,5.2,36.2,1.9,0.9,25.6,17.2,,-0.1,0.2,0.1,.020,,-3.9,-2.6,-6.5,-0.4
158,Markelle Fultz\fultzma01,PG,21,ORL,54,1523,14.3,.520,.177,.212,1.7,11.8,6.6,28.3,2.3,0.5,15.1,20.8,,0.4,1.8,2.3,.071,,-1.5,0.0,-1.5,0.2
159,Wenyen Gabriel\gabriwe01,PF,22,TOT,18,118,7.1,.455,.387,.387,6.3,11.1,8.7,4.6,2.0,3.0,16.2,15.8,,-0.1,0.1,0.0,-0.009,,-4.8,0.0,-4.8,-0.1
159,Wenyen Gabriel\gabriwe01,PF,22,SAC,11,61,7.6,.444,.471,.588,7.1,11.5,9.2,6.7,2.4,3.1,18.9,18.9,,-0.1,0.1,0.0,-0.028,,-5.3,0.2,-5.1,0.0
159,Wenyen Gabriel\gabriwe01,PF,22,POR,7,57,6.7,.470,.286,.143,5.5,10.7,8.1,2.3,1.7,2.9,11.8,12.5,,0.0,0.0,0.0,.011,,-4.3,-0.3,-4.5,0.0
160,Daniel Gafford\gaffoda01,C,21,CHI,33,420,17.1,.660,.000,.380,9.7,10.6,10.1,5.1,1.0,9.4,13.4,13.7,,0.8,0.6,1.3,.153,,-1.9,4.0,2.1,0.4
161,Danilo Gallinari\gallida01,PF,31,OKC,47,1443,20.0,.617,.541,.357,2.5,17.5,10.2,11.7,1.1,0.2,7.9,24.4,,3.8,1.4,5.2,.174,,3.7,-1.7,1.9,1.4
162,Langston Galloway\gallola01,SG,28,DET,57,1480,12.1,.583,.620,.167,2.0,7.5,4.8,8.8,1.4,0.6,6.4,15.5,,2.1,0.7,2.8,.090,,1.0,-1.6,-0.6,0.5
163,Darius Garland\garlada01,PG,20,CLE,53,1616,8.3,.494,.437,.110,1.6,5.3,3.4,18.6,1.1,0.1,17.6,21.0,,-1.3,-0.1,-1.5,-0.043,,-2.5,-3.5,-6.0,-1.6
164,Marc Gasol\gasolma01,C,35,TOR,35,974,12.1,.551,.537,.156,3.2,20.9,12.2,16.8,1.4,3.3,14.8,12.7,,0.9,1.7,2.6,.130,,-1.0,3.5,2.5,1.1
165,Rudy Gay\gayru01,PF,33,SAS,51,1072,14.1,.545,.375,.241,4.3,22.7,13.6,11.5,0.9,1.9,13.4,20.8,,0.4,0.8,1.2,.052,,-1.5,-0.8,-2.3,-0.1
166,Paul George\georgpa01,SF,29,LAC,34,1001,20.3,.578,.495,.277,1.6,19.3,10.6,21.4,2.1,1.6,13.8,30.6,,1.3,1.6,2.9,.140,,2.7,0.8,3.5,1.4
167,Taj Gibson\gibsota01,C,34,NYK,52,857,15.3,.593,.047,.169,11.0,16.8,13.8,8.3,1.3,2.5,13.6,14.5,,1.3,0.7,2.0,.110,,-1.0,0.7,-0.3,0.4
168,Harry Giles\gilesha01,PF,21,SAC,28,349,16.0,.572,.000,.164,7.5,24.4,15.7,15.1,2.0,2.5,15.4,20.3,,0.3,0.4,0.8,.107,,-2.5,1.6,-0.9,0.1
169,Shai Gilgeous-Alexander\gilgesh01,SG,21,OKC,55,1955,17.5,.560,.237,.339,2.3,16.1,9.4,14.3,1.6,1.6,9.7,23.9,,2.4,2.3,4.7,.117,,0.0,0.5,0.6,1.3
170,Rudy Gobert\goberru01,C,27,UTA,52,1797,22.4,.691,.000,.689,12.3,32.7,23.0,6.6,0.9,4.7,14.8,16.7,,5.2,3.5,8.8,.234,,1.1,3.9,5.0,3.2
171,Brandon Goodwin\goodwbr01,PG,24,ATL,26,355,12.1,.510,.459,.151,3.0,16.3,9.6,17.3,1.4,0.9,12.8,22.8,,-0.1,0.2,0.1,.016,,-2.1,-2.3,-4.4,-0.2
172,Aaron Gordon\gordoaa01,PF,24,ORL,49,1580,14.1,.504,.317,.270,5.5,19.2,12.1,15.5,1.2,1.4,9.9,21.0,,0.6,1.9,2.5,.075,,-1.1,0.7,-0.5,0.6
173,Eric Gordon\gordoer01,SG,31,HOU,28,823,11.0,.517,.660,.238,0.9,6.3,3.5,7.3,1.0,1.1,6.3,22.0,,0.3,0.4,0.8,.045,,-0.9,-3.3,-4.3,-0.5
174,Devonte' Graham\grahade01,PG,24,CHO,54,1901,15.9,.536,.616,.244,2.3,9.2,5.6,36.3,1.3,0.7,14.7,24.6,,2.3,0.7,3.0,.075,,2.9,-2.8,0.1,1.0
175,Treveon Graham\grahatr01,SG,26,TOT,45,784,5.9,.446,.495,.223,4.4,12.0,8.1,5.4,1.2,0.5,9.4,12.9,,-0.3,0.4,0.1,.005,,-3.9,-1.2,-5.1,-0.6
175,Treveon Graham\grahatr01,SG,26,MIN,33,663,6.1,.447,.474,.211,4.4,11.6,7.9,6.2,1.2,0.3,9.0,13.1,,-0.2,0.3,0.1,.008,,-3.6,-1.0,-4.6,-0.4
175,Treveon Graham\grahatr01,SG,26,ATL,12,121,4.6,.442,.630,.296,4.4,14.4,9.4,1.1,1.2,2.1,11.6,11.9,,-0.1,0.1,0.0,-0.017,,-5.6,-2.0,-7.6,-0.2
176,Jerami Grant\grantje01,PF,25,DEN,54,1424,13.8,.580,.397,.304,3.7,11.7,7.7,6.1,1.2,3.1,7.9,17.4,,1.9,1.5,3.4,.115,,-0.2,0.2,0.0,0.7
177,Josh Gray\grayjo01,PG,26,NOP,2,23,-5.0,.500,.000,.000,4.5,4.6,4.6,10.5,0.0,0.0,71.4,12.5,,-0.1,0.0,-0.1,-0.229,,-11.3,-1.7,-13.1,-0.1
178,Danny Green\greenda02,SG,32,LAL,52,1299,11.5,.566,.695,.117,3.3,11.7,7.6,6.9,2.4,1.7,10.4,14.4,,1.0,1.9,2.9,.108,,0.5,1.2,1.7,1.2
179,Draymond Green\greendr01,PF,29,GSW,41,1194,12.7,.491,.405,.269,2.0,22.2,11.7,30.9,2.3,2.5,21.4,15.7,,-0.1,1.3,1.2,.048,,-2.6,2.0,-0.6,0.4
180,JaMychal Green\greenja01,PF,29,LAC,46,952,10.4,.537,.672,.156,7.3,24.1,15.9,4.7,1.1,1.6,12.8,13.6,,0.5,1.5,2.0,.099,,-1.4,0.7,-0.8,0.3
181,Javonte Green\greenja02,SF,26,BOS,41,375,13.0,.569,.245,.383,4.6,15.1,9.9,7.7,2.8,1.2,12.7,14.3,,0.3,0.6,1.0,.123,,-1.8,1.3,-0.5,0.1
182,Jeff Green\greenje02,PF,33,UTA,30,553,10.1,.523,.533,.323,2.9,12.6,8.0,5.1,1.1,1.5,10.8,19.7,,0.0,0.6,0.6,.055,,-2.1,-0.7,-2.9,-0.1
183,Blake Griffin\griffbl01,PF,30,DET,18,512,12.0,.476,.444,.392,3.7,14.9,9.2,17.8,0.7,1.1,12.0,28.3,,-0.3,0.3,-0.1,-0.006,,-2.1,-2.4,-4.5,-0.3
184,Marko Guduric\gudurma01,SG,24,MEM,33,434,7.8,.500,.514,.167,3.0,12.0,7.5,11.9,1.2,1.4,18.7,17.5,,-0.4,0.3,-0.1,-0.008,,-3.7,-1.0,-4.7,-0.3
185,Kyle Guy\guyky01,SG,22,SAC,2,4,9.9,.500,.500,.000,0.0,0.0,0.0,0.0,0.0,0.0,0.0,21.8,,0.0,0.0,0.0,-0.021,,-3.4,-7.5,-10.9,0.0
186,Rui Hachimura\hachiru01,PF,21,WAS,30,864,14.4,.540,.155,.194,5.6,17.3,11.2,7.8,1.2,0.5,6.5,19.8,,0.9,0.2,1.1,.063,,-1.2,-2.3,-3.5,-0.3
187,Devon Hall\hallde01,SG,24,OKC,5,20,3.6,.370,.400,.800,0.0,5.4,2.8,19.2,0.0,0.0,12.9,17.1,,0.0,0.0,0.0,-0.061,,-6.9,-4.7,-11.6,0.0
188,Tim Hardaway\hardati02,SG,27,DAL,52,1424,14.9,.576,.575,.180,1.5,9.8,5.7,10.8,1.1,0.2,6.7,21.5,,2.5,0.7,3.2,.108,,2.0,-2.7,-0.7,0.5
189,James Harden\hardeja01,SG,30,HOU,51,1891,29.0,.620,.553,.517,3.0,15.4,9.2,34.2,2.0,2.2,13.6,36.6,,7.8,2.2,10.1,.255,,9.1,0.1,9.3,5.4
190,Maurice Harkless\harklma01,SF,26,TOT,51,1166,9.6,.575,.339,.188,4.3,13.6,9.0,5.6,2.0,2.3,15.9,10.2,,0.5,1.7,2.2,.091,,-1.7,2.8,1.1,0.9
190,Maurice Harkless\harklma01,SF,26,LAC,50,1141,9.6,.584,.336,.194,4.3,13.5,9.0,5.5,2.0,2.3,16.3,10.2,,0.5,1.7,2.2,.094,,-1.6,2.9,1.3,0.9
190,Maurice Harkless\harklma01,SF,26,NYK,1,25,5.3,.286,.429,.000,4.1,17.6,10.6,10.9,1.9,0.0,0.0,11.9,,0.0,0.0,0.0,-0.023,,-5.5,-0.5,-6.0,0.0
191,Jared Harper\harpeja01,PG,22,PHO,3,8,-5.3,.250,.500,.000,0.0,0.0,0.0,0.0,0.0,0.0,0.0,21.3,,0.0,0.0,0.0,-0.251,,-11.5,-6.9,-18.4,0.0
192,Montrezl Harrell\harremo01,C,26,LAC,54,1533,22.5,.598,.022,.402,10.0,15.5,12.8,10.6,1.1,3.5,10.3,25.6,,3.6,2.1,5.7,.178,,1.0,1.1,2.1,1.6
193,Gary Harris\harriga01,SG,25,DEN,46,1476,9.1,.496,.418,.173,1.6,8.4,5.0,9.2,2.0,0.7,9.2,15.3,,0.1,1.5,1.6,.051,,-1.8,0.1,-1.6,0.1
194,Joe Harris\harrijo01,SF,28,BRK,52,1634,12.6,.590,.534,.121,3.0,10.9,7.1,10.1,1.0,0.7,10.7,17.5,,1.8,1.5,3.3,.097,,0.5,-0.4,0.1,0.9
195,Tobias Harris\harrito02,PF,27,PHI,55,1884,16.4,.558,.312,.187,2.2,19.3,10.8,14.1,1.0,1.4,8.0,23.3,,2.3,2.4,4.8,.121,,0.1,0.0,0.1,1.0
196,Shaquille Harrison\harrish01,SF,26,CHI,33,253,16.4,.525,.226,.333,3.3,16.7,9.7,18.9,3.2,2.6,10.1,20.0,,0.2,0.4,0.6,.122,,-2.0,1.6,-0.5,0.1
197,Josh Hart\hartjo01,SF,24,NOP,48,1351,12.1,.568,.676,.191,3.6,20.5,12.0,7.7,1.8,1.2,10.9,15.3,,1.2,1.3,2.4,.087,,0.0,0.3,0.3,0.8
198,Isaiah Hartenstein\harteis01,C,21,HOU,23,266,18.8,.674,.075,.418,11.3,24.1,17.6,9.9,1.6,3.9,16.8,14.7,,0.7,0.4,1.1,.191,,-0.8,2.0,1.2,0.2
199,Udonis Haslem\hasleud01,PF,39,MIA,2,11,16.0,.906,.000,4.000,0.0,29.1,15.2,0.0,0.0,0.0,0.0,11.1,,0.1,0.0,0.1,.288,,-1.9,-5.7,-7.6,0.0
200,Jaxson Hayes\hayesja02,C,19,NOP,52,928,18.2,.677,.017,.747,9.2,16.1,12.6,7.6,1.1,4.6,11.6,15.2,,2.5,0.9,3.4,.176,,0.4,1.4,1.8,0.9
201,Gordon Hayward\haywago01,SF,29,BOS,37,1227,18.6,.598,.310,.186,3.6,18.1,10.9,18.9,1.1,1.3,10.7,20.8,,2.7,1.6,4.3,.168,,2.2,0.7,2.9,1.5
202,John Henson\hensojo01,PF,29,TOT,32,453,17.7,.566,.238,.262,8.5,22.7,15.5,14.3,1.8,6.8,14.2,15.9,,0.5,0.5,1.1,.115,,-1.0,3.5,2.5,0.5
202,John Henson\hensojo01,PF,29,CLE,29,412,17.0,.539,.258,.275,8.5,22.2,15.3,15.3,1.9,6.6,13.5,16.1,,0.4,0.5,0.9,.107,,-1.1,3.6,2.5,0.5
202,John Henson\hensojo01,PF,29,DET,3,41,24.7,.910,.000,.100,8.2,27.7,17.9,4.1,1.2,8.1,22.3,14.2,,0.1,0.1,0.2,.199,,-0.5,2.9,2.4,0.0
203,Dewan Hernandez\hernade01,C,23,TOR,4,11,4.2,.340,.200,.400,19.5,46.9,33.5,0.0,4.3,0.0,14.5,26.8,,0.0,0.0,0.0,.005,,-14.0,-6.2,-20.2,-0.1
204,Juan Hernangómez\hernaju01,PF,24,TOT,37,512,8.4,.470,.510,.262,6.3,17.9,12.1,6.8,0.7,1.0,10.5,15.1,,-0.1,0.5,0.4,.038,,-3.4,-1.2,-4.6,-0.3
204,Juan Hernangómez\hernaju01,PF,24,DEN,34,422,6.9,.442,.545,.227,6.2,18.6,12.4,6.8,0.6,1.1,12.9,14.3,,-0.2,0.4,0.2,.019,,-4.2,-1.0,-5.1,-0.3
204,Juan Hernangómez\hernaju01,PF,24,MIN,3,90,15.6,.553,.400,.371,6.8,14.5,10.5,6.8,1.0,0.9,2.4,19.1,,0.2,0.1,0.2,.127,,0.1,-2.6,-2.5,0.0
205,Willy Hernangómez\hernawi01,C,25,CHO,24,254,18.0,.565,.198,.455,12.3,25.0,18.4,11.1,1.2,1.8,15.4,24.7,,0.2,0.2,0.4,.078,,-2.0,-1.3,-3.3,-0.1
206,Tyler Herro\herroty01,SG,20,MIA,46,1273,11.6,.535,.476,.149,1.3,14.4,8.2,11.2,1.1,0.5,11.3,22.0,,-0.1,1.2,1.0,.039,,-1.8,-1.6,-3.4,-0.4
207,Kevin Hervey\herveke01,PF,23,OKC,6,13,-12.5,.000,.800,.000,0.0,16.5,8.5,9.3,0.0,0.0,0.0,17.0,,-0.1,0.0,-0.1,-0.359,,-13.9,-3.3,-17.2,0.0
208,Mario Hezonja\hezonma01,PF,24,POR,39,633,8.2,.493,.340,.314,3.8,18.9,11.4,6.2,1.8,0.8,14.0,13.8,,-0.1,0.5,0.4,.030,,-3.5,-0.1,-3.6,-0.3
209,Buddy Hield\hieldbu01,SG,27,SAC,54,1805,16.0,.563,.577,.120,3.1,14.1,8.4,16.0,1.2,0.8,12.0,26.8,,1.4,1.2,2.6,.068,,2.2,-1.9,0.3,1.0
210,George Hill\hillge01,PG,33,MIL,44,928,18.1,.685,.463,.237,4.5,9.2,7.0,19.0,1.6,0.4,11.8,15.7,,2.9,1.5,4.4,.228,,3.3,0.1,3.3,1.3
211,Solomon Hill\hillso01,SF,28,MEM,48,901,10.2,.549,.631,.163,2.9,13.8,8.4,13.2,1.6,0.7,13.8,13.4,,0.5,0.7,1.2,.066,,-0.8,-0.1,-1.0,0.2
212,Jaylen Hoard\hoardja01,SF,20,POR,13,103,14.9,.504,.094,.406,14.1,17.7,15.9,5.4,2.3,0.0,9.6,17.1,,0.1,0.1,0.2,.097,,-1.7,-1.6,-3.3,0.0
213,Aaron Holiday\holidaa01,PG,23,IND,49,1117,12.8,.525,.411,.124,1.8,8.9,5.4,21.1,1.5,0.9,11.9,20.6,,0.6,1.0,1.6,.068,,-0.3,-1.3,-1.7,0.1
214,Jrue Holiday\holidjr01,SG,29,NOP,46,1594,17.0,.521,.335,.172,3.7,10.6,7.1,28.9,2.2,2.1,13.6,25.4,,1.2,1.4,2.6,.077,,1.0,0.1,1.2,1.3
215,Justin Holiday\holidju01,SG,30,IND,55,1395,12.5,.591,.663,.144,2.3,12.4,7.4,7.6,2.0,2.2,7.0,13.1,,1.6,1.8,3.4,.117,,1.0,1.3,2.3,1.5
216,Rondae Hollis-Jefferson\holliro01,SF,25,TOR,43,841,16.0,.537,.063,.445,10.9,15.5,13.2,12.9,2.3,2.0,11.9,17.6,,1.3,1.5,2.8,.157,,-1.0,2.4,1.4,0.7
217,Richaun Holmes\holmeri01,C,26,SAC,37,1087,20.9,.692,.000,.301,11.3,21.6,16.3,5.3,1.8,4.6,11.6,15.9,,3.2,1.4,4.6,.203,,1.1,2.4,3.5,1.5
218,Rodney Hood\hoodro01,SF,27,POR,21,619,12.2,.625,.413,.157,1.7,10.2,6.0,7.1,1.3,0.5,9.4,13.9,,0.9,0.2,1.1,.088,,0.6,-1.1,-0.5,0.2
219,Al Horford\horfoal01,C,33,PHI,50,1543,15.2,.519,.397,.101,5.5,18.2,11.9,18.2,1.4,2.5,8.2,17.6,,1.8,2.3,4.1,.128,,0.3,1.9,2.3,1.7
220,Talen Horton-Tucker\hortota01,SG,19,LAL,2,5,14.9,.000,1.000,.000,0.0,0.0,0.0,44.7,9.5,0.0,0.0,8.5,,0.0,0.0,0.0,.110,,-5.6,-3.8,-9.4,0.0
221,Danuel House\houseda01,SF,26,HOU,48,1487,11.5,.570,.651,.184,3.6,11.6,7.6,5.6,1.7,1.6,8.6,13.5,,1.6,1.4,3.0,.096,,-0.2,0.3,0.0,0.8
222,Dwight Howard\howardw01,C,34,LAL,53,1049,19.1,.695,.022,.681,15.2,27.8,21.7,4.5,1.0,5.8,17.9,14.6,,2.3,2.0,4.3,.198,,-0.2,2.7,2.4,1.2
223,William Howard\howarwi01,SG,26,HOU,2,13,-12.7,.000,1.000,.000,0.0,16.2,8.0,9.0,0.0,0.0,20.0,15.8,,-0.1,0.0,-0.1,-0.353,,-14.7,-2.9,-17.6,-0.1
224,Kevin Huerter\huertke01,SG,21,ATL,45,1364,11.6,.545,.547,.119,2.1,12.5,7.3,16.3,1.3,1.3,12.8,17.7,,0.7,0.5,1.1,.040,,-0.4,-1.2,-1.6,0.1
225,De'Andre Hunter\huntede01,SF,22,ATL,53,1674,8.5,.516,.438,.201,1.9,11.8,6.8,8.3,1.1,0.7,11.9,17.7,,-0.5,0.4,-0.1,-0.003,,-2.6,-1.8,-4.4,-1.0
226,Chandler Hutchison\hutchch01,SF,23,CHI,28,527,12.4,.521,.217,.446,3.6,19.5,11.2,7.5,2.5,1.2,11.4,19.1,,0.0,0.7,0.7,.062,,-4.0,0.4,-3.6,-0.2
227,Serge Ibaka\ibakase01,C,30,TOR,44,1197,18.6,.597,.248,.195,8.1,22.6,15.5,8.3,1.0,3.0,12.5,24.3,,1.4,2.1,3.5,.141,,-0.6,0.6,0.0,0.6
228,Andre Iguodala\iguodan01,SG,36,MIA,3,63,11.2,.722,.778,.000,9.3,18.6,14.2,15.2,0.8,1.6,30.8,9.1,,0.1,0.1,0.2,.122,,0.1,0.7,0.7,0.0
229,Ersan İlyasova\ilyaser01,PF,32,MIL,50,810,16.2,.591,.418,.259,7.3,22.3,15.3,7.4,1.1,1.5,8.5,17.4,,1.5,1.6,3.2,.188,,-0.3,0.5,0.2,0.5
230,Joe Ingles\inglejo01,SF,32,UTA,54,1628,12.6,.580,.626,.163,1.3,12.7,7.3,23.8,1.5,0.4,17.9,15.3,,2.0,1.8,3.9,.114,,1.1,0.7,1.8,1.6
231,Brandon Ingram\ingrabr01,PF,22,NOP,47,1601,20.6,.600,.348,.341,2.7,17.2,9.9,20.0,1.3,1.8,12.6,28.6,,3.4,1.3,4.6,.138,,2.8,-0.6,2.2,1.7
232,Kyrie Irving\irvinky01,PG,27,BRK,20,658,26.3,.595,.341,.245,3.5,12.3,8.0,37.2,1.9,1.2,10.1,32.6,,2.2,0.8,3.0,.218,,7.3,0.1,7.4,1.6
233,Jonathan Isaac\isaacjo01,SF,22,ORL,32,949,17.1,.542,.283,.227,6.1,19.2,12.4,7.3,2.6,7.4,11.7,18.4,,0.4,2.0,2.4,.119,,-2.1,5.0,2.9,1.2
234,Wesley Iwundu\iwundwe01,SF,25,ORL,41,749,9.7,.507,.348,.371,3.0,12.4,7.5,8.3,1.6,1.2,7.6,13.0,,0.4,0.8,1.2,.079,,-3.1,0.4,-2.7,-0.1
235,Frank Jackson\jacksfr01,PG,21,NOP,44,581,8.6,.520,.464,.254,2.7,7.5,5.1,8.9,1.2,0.6,13.5,20.3,,-0.2,0.2,0.1,.004,,-2.9,-3.0,-5.8,-0.6
236,Jaren Jackson\jacksja02,C,20,MEM,52,1463,16.4,.590,.481,.230,3.8,13.9,9.0,7.4,1.1,5.1,10.6,24.1,,1.4,1.5,3.0,.097,,0.7,0.2,0.9,1.1
237,Josh Jackson\jacksjo02,SG,22,MEM,7,123,7.0,.449,.439,.317,4.4,18.6,11.6,6.3,2.3,0.7,17.6,19.2,,-0.2,0.1,-0.1,-0.038,,-5.7,-0.5,-6.2,-0.1
238,Justin Jackson\jacksju01,PF,24,DAL,49,788,9.4,.493,.485,.124,3.0,12.4,7.8,5.8,0.6,0.6,3.7,16.3,,0.4,0.4,0.8,.050,,-2.0,-2.4,-4.4,-0.5
239,Reggie Jackson\jacksre01,PG,29,DET,14,381,14.8,.492,.414,.167,3.2,8.9,6.1,30.5,1.0,0.2,9.8,26.9,,0.3,0.1,0.4,.053,,1.0,-3.3,-2.4,0.0
240,Justin James\jamesju01,SG,23,SAC,31,216,11.7,.487,.333,.269,3.0,13.0,7.8,11.0,1.4,4.0,8.4,19.2,,0.0,0.2,0.2,.037,,-3.7,-0.2,-3.9,-0.1
241,LeBron James\jamesle01,PG,35,LAL,51,1779,25.2,.569,.317,.276,3.2,20.9,12.3,49.9,1.8,1.1,15.5,31.5,,4.8,2.7,7.5,.203,,6.1,2.1,8.2,4.6
242,Amile Jefferson\jeffeam01,PF,26,ORL,18,74,9.0,.372,.000,1.000,13.8,19.5,16.5,7.4,0.7,3.7,13.0,13.6,,-0.1,0.1,0.0,.027,,-6.5,1.2,-5.3,-0.1
243,DaQuan Jeffries\jeffrda01,SG,22,SAC,6,19,10.8,.500,.571,.000,5.7,0.0,3.0,7.9,2.6,0.0,0.0,16.1,,0.0,0.0,0.0,.081,,0.2,-3.0,-2.8,0.0
244,Ty Jerome\jeromty01,PG,22,PHO,21,247,10.7,.465,.412,.141,2.6,13.2,7.8,20.9,2.7,1.1,13.4,17.9,,-0.1,0.3,0.2,.038,,-2.8,0.1,-2.7,0.0
245,Alize Johnson\johnsal02,SF,23,IND,11,46,14.5,.541,.000,.429,14.5,21.5,18.1,6.0,0.0,0.0,5.7,16.9,,0.1,0.0,0.1,.142,,-1.9,-2.9,-4.8,0.0
246,B.J. Johnson\johnsbj01,SF,24,ORL,8,46,2.6,.344,.333,.111,2.2,12.0,6.9,6.3,2.1,0.0,13.7,20.7,,-0.2,0.1,-0.1,-0.129,,-9.6,-1.9,-11.5,-0.1
247,Cameron Johnson\johnsca02,PF,23,PHO,42,832,11.9,.565,.693,.148,4.7,11.6,8.1,7.6,1.4,1.4,8.3,16.0,,0.8,0.6,1.4,.082,,0.4,-0.9,-0.5,0.3
248,James Johnson\johnsja01,PF,32,TOT,21,361,11.9,.552,.505,.183,3.7,16.3,10.2,13.8,1.6,4.5,16.9,17.1,,0.0,0.5,0.5,.070,,-2.3,1.6,-0.7,0.1
248,James Johnson\johnsja01,PF,32,MIA,18,281,11.3,.547,.517,.161,3.3,16.7,10.3,11.1,1.0,4.6,13.9,17.0,,0.0,0.4,0.4,.070,,-2.4,1.1,-1.2,0.1
248,James Johnson\johnsja01,PF,32,MIN,3,80,14.1,.568,.455,.273,5.1,14.9,9.8,23.3,3.5,4.1,26.8,17.3,,0.0,0.1,0.1,.070,,-1.9,3.1,1.2,0.1
249,Keldon Johnson\johnske04,SF,20,SAS,4,12,6.1,.400,.000,.000,0.0,26.7,13.4,0.0,0.0,0.0,0.0,18.1,,0.0,0.0,0.0,-0.072,,-11.1,-7.4,-18.5,0.0
250,Stanley Johnson\johnsst04,PF,23,TOR,17,84,2.5,.353,.429,.143,3.8,18.4,11.3,9.5,1.7,2.3,21.2,19.3,,-0.3,0.1,-0.2,-0.090,,-9.2,0.9,-8.3,-0.1
251,Tyler Johnson\johnsty01,SG,27,PHO,31,515,8.1,.481,.485,.187,2.1,9.2,5.6,13.5,1.1,1.3,11.5,17.3,,-0.2,0.3,0.1,.013,,-3.1,-1.5,-4.6,-0.3
252,Nikola Jokić\jokicni01,C,24,DEN,55,1789,25.3,.597,.244,.272,8.2,26.5,17.3,34.7,1.8,1.9,14.8,27.0,,5.2,2.8,8.0,.216,,5.4,3.1,8.4,4.7
253,Damian Jones\jonesda03,C,24,ATL,51,850,15.9,.718,.047,.488,8.9,15.8,12.3,5.5,1.4,3.7,11.8,11.6,,2.2,0.6,2.7,.155,,-0.2,0.8,0.6,0.5
254,Derrick Jones\jonesde02,SF,22,MIA,40,988,13.7,.598,.394,.382,4.8,13.7,9.4,5.3,2.0,2.8,7.9,14.1,,1.5,1.3,2.8,.135,,-0.3,1.3,1.0,0.7
255,Tyus Jones\jonesty01,PG,23,MEM,54,1018,15.4,.536,.264,.108,0.7,8.0,4.4,32.2,2.1,0.5,11.9,16.2,,1.6,0.7,2.3,.110,,-0.5,-2.2,-2.7,-0.2
256,DeAndre Jordan\jordade01,C,31,BRK,45,958,20.5,.688,.000,.411,11.8,35.4,23.9,13.7,0.8,3.9,19.2,14.3,,2.3,1.9,4.2,.209,,-0.7,4.0,3.3,1.3
257,Cory Joseph\josepco01,PG,28,SAC,54,1338,9.6,.498,.360,.148,2.6,9.7,6.0,19.0,1.4,1.3,14.6,13.2,,0.7,0.8,1.5,.052,,-2.1,-0.2,-2.4,-0.1
258,Mfiondu Kabengele\kabenmf01,C,22,LAC,12,64,18.2,.614,.625,.156,1.6,15.7,8.8,4.8,1.5,2.7,5.5,23.4,,0.1,0.1,0.2,.174,,1.4,-2.0,-0.7,0.0
259,Frank Kaminsky\kaminfr01,C,26,PHO,32,718,14.6,.554,.401,.315,4.5,20.1,12.1,14.8,0.9,1.2,9.4,20.8,,0.8,0.6,1.4,.095,,-0.2,-0.7,-0.9,0.2
260,Enes Kanter\kanteen01,C,27,BOS,42,783,22.9,.611,.025,.286,16.9,30.4,23.7,8.5,1.0,4.1,12.5,19.7,,2.1,1.5,3.6,.222,,0.4,1.8,2.2,0.8
261,Luke Kennard\kennalu01,SG,23,DET,28,922,14.4,.589,.535,.219,1.1,11.0,6.0,19.0,0.6,0.5,10.3,19.7,,1.7,0.3,2.0,.104,,1.7,-2.4,-0.6,0.3
262,Stanton Kidd\kiddst01,SF,27,UTA,4,15,-13.7,.000,.333,.000,0.0,20.8,10.9,7.9,0.0,0.0,40.0,14.6,,-0.1,0.0,-0.1,-0.321,,-16.3,0.5,-15.8,-0.1
263,Michael Kidd-Gilchrist\kiddgmi01,PF,26,CHO,12,160,6.1,.421,.321,.170,5.9,18.4,11.9,9.5,0.0,1.7,10.9,17.5,,-0.2,0.1,-0.1,-0.030,,-6.0,-2.0,-8.0,-0.2
264,Louis King\kinglo02,SF,20,DET,10,62,6.3,.448,.524,.143,1.8,16.5,9.1,11.7,1.6,0.0,8.2,17.0,,0.0,0.0,0.0,-0.002,,-3.8,-1.9,-5.8,-0.1
265,Maxi Kleber\klebima01,C,28,DAL,54,1347,14.0,.608,.619,.185,6.8,15.1,11.0,5.6,0.5,3.7,8.7,13.8,,2.6,1.1,3.7,.131,,1.2,0.5,1.6,1.2
266,Brandon Knight\knighbr03,PG,28,TOT,17,254,4.6,.428,.756,.144,1.3,7.5,4.3,17.1,1.1,0.7,17.3,19.4,,-0.5,0.0,-0.4,-0.084,,-3.8,-3.6,-7.4,-0.3
266,Brandon Knight\knighbr03,PG,28,CLE,16,241,5.5,.431,.744,.151,1.4,7.9,4.6,18.0,1.0,0.7,14.9,19.0,,-0.3,0.0,-0.3,-0.064,,-3.1,-3.7,-6.8,-0.3
266,Brandon Knight\knighbr03,PG,28,DET,1,13,-12.8,.375,1.000,.000,0.0,0.0,0.0,0.0,3.8,0.0,50.0,26.7,,-0.1,0.0,-0.1,-0.462,,-15.7,-1.8,-17.5,-0.1
267,Kevin Knox\knoxke01,SF,20,NYK,54,988,9.0,.480,.512,.251,2.1,15.1,8.3,7.5,1.0,2.0,8.4,17.8,,-0.2,0.6,0.4,.017,,-3.0,-1.3,-4.3,-0.6
268,John Konchar\konchjo01,SG,23,MEM,6,34,8.5,.643,.400,.200,0.0,6.1,3.1,10.9,0.0,0.0,0.0,6.7,,0.1,0.0,0.1,.088,,-2.0,-3.0,-5.0,0.0
269,Furkan Korkmaz\korkmfu01,SG,22,PHI,54,1151,11.8,.572,.626,.121,1.4,10.1,5.8,6.6,1.2,1.0,8.0,18.4,,0.8,1.2,2.1,.087,,-0.3,-1.7,-1.9,0.0
270,Luke Kornet\kornelu01,C,24,CHI,35,544,12.8,.538,.574,.153,4.2,13.0,8.4,8.6,0.9,4.5,6.2,16.4,,0.5,0.6,1.1,.094,,-1.3,0.4,-0.9,0.1
271,Kyle Korver\korveky01,SF,38,MIL,47,782,10.6,.600,.797,.131,1.6,10.0,6.1,9.0,1.2,1.2,13.5,15.2,,0.6,1.3,1.9,.114,,-0.2,-0.1,-0.3,0.3
272,Rodions Kurucs\kurucro01,PF,21,BRK,32,424,9.8,.609,.466,.190,4.0,14.4,9.3,9.9,1.4,0.4,20.3,15.5,,0.1,0.5,0.6,.068,,-2.4,-0.1,-2.6,-0.1
273,Kyle Kuzma\kuzmaky01,PF,24,LAL,44,1086,12.1,.537,.413,.233,4.3,15.0,9.8,7.6,0.7,1.5,12.1,22.8,,0.2,1.2,1.4,.060,,-2.0,-1.5,-3.5,-0.4
274,Skal Labissière\labissk01,C,23,POR,33,567,15.4,.588,.088,.224,11.9,18.6,15.3,10.3,0.6,4.6,15.7,14.3,,1.0,0.4,1.4,.122,,-0.6,1.6,1.1,0.4
275,Jeremy Lamb\lambje01,SG,27,IND,44,1261,14.3,.556,.331,.217,2.0,15.0,8.6,10.4,2.0,1.5,8.8,19.5,,1.0,1.6,2.6,.101,,-0.4,0.6,0.3,0.7
276,Romeo Langford\langfro01,SG,20,BOS,18,184,9.7,.586,.385,.410,3.5,7.0,5.3,2.2,1.3,3.0,9.8,11.8,,0.2,0.2,0.4,.100,,-2.1,0.2,-1.9,0.0
277,Zach LaVine\lavinza01,SG,24,CHI,55,1898,19.9,.573,.405,.291,2.1,13.7,7.7,21.6,2.0,1.2,13.0,31.4,,2.1,2.0,4.2,.105,,2.6,-0.8,1.8,1.8
278,Vic Law\lawvi01,SF,24,ORL,3,4,-30.4,.000,.500,1.000,0.0,0.0,0.0,0.0,0.0,0.0,0.0,31.3,,-0.1,0.0,-0.1,-0.807,,-25.1,-9.5,-34.6,0.0
279,Jake Layman\laymaja01,PF,25,MIN,14,369,10.0,.539,.409,.076,3.3,8.5,5.8,4.5,1.5,2.2,11.7,17.3,,-0.1,0.2,0.2,.023,,-2.6,-0.7,-3.4,-0.1
280,T.J. Leaf\leaftj01,PF,22,IND,22,180,13.7,.476,.212,.152,12.4,24.4,18.5,4.6,1.9,1.5,7.9,18.7,,0.0,0.3,0.3,.085,,-3.3,-0.8,-4.1,-0.1
281,Jalen Lecque\lecquja01,PG,19,PHO,4,26,5.0,.460,.400,.200,0.0,0.0,0.0,11.1,0.0,0.0,8.4,19.4,,0.0,0.0,0.0,-0.040,,-6.1,-7.6,-13.7,-0.1
282,Courtney Lee\leeco01,SG,34,DAL,14,142,14.0,.731,.615,.000,1.5,5.1,3.3,5.0,1.4,1.8,7.1,12.7,,0.3,0.1,0.4,.136,,1.9,-1.5,0.4,0.1
283,Damion Lee\leeda03,SG,27,GSW,39,1090,12.4,.542,.421,.264,2.8,16.4,9.4,13.6,1.7,0.2,10.7,18.9,,0.6,0.6,1.3,.056,,-1.1,-1.2,-2.3,-0.1
284,Alex Len\lenal01,C,26,ATL,40,745,17.6,.590,.215,.312,9.9,23.5,16.6,8.8,1.2,3.7,11.7,18.7,,1.1,0.6,1.8,.115,,-1.0,0.2,-0.8,0.2
285,Kawhi Leonard\leonaka01,SF,28,LAC,42,1364,26.4,.579,.277,.333,3.3,20.0,11.9,28.4,2.6,1.9,11.5,33.8,,3.4,2.5,5.9,.208,,4.7,2.4,7.1,3.1
286,Meyers Leonard\leoname01,C,27,MIA,49,987,11.2,.640,.534,.117,3.2,23.9,14.0,7.7,0.6,1.5,13.0,12.0,,1.1,1.1,2.2,.108,,-1.3,0.3,-1.0,0.2
287,Caris LeVert\leverca01,SG,25,BRK,28,763,12.2,.491,.279,.253,3.5,10.0,6.8,21.2,1.6,0.5,14.6,27.9,,-0.7,0.8,0.1,.007,,-2.7,-1.1,-3.8,-0.3
288,Damian Lillard\lillada01,PG,29,POR,54,1996,26.8,.621,.489,.376,1.5,10.5,6.0,35.2,1.2,0.8,11.0,30.6,,8.7,0.6,9.3,.223,,9.1,-2.5,6.6,4.3
289,Nassir Little\littlna01,PF,19,POR,39,496,9.9,.513,.398,.305,6.1,14.3,10.2,4.8,1.0,2.4,9.4,13.7,,0.3,0.3,0.6,.053,,-2.2,-0.7,-3.0,-0.1
290,Kevon Looney\looneke01,C,23,GSW,15,176,8.9,.391,.137,.176,12.9,15.2,14.0,9.1,1.9,2.0,11.3,15.0,,-0.1,0.1,0.0,.008,,-4.7,0.2,-4.5,-0.1
291,Brook Lopez\lopezbr01,C,31,MIL,52,1391,14.0,.537,.508,.183,2.4,13.3,8.2,8.0,1.2,8.4,9.0,16.7,,0.7,3.3,4.0,.138,,-1.8,4.9,3.1,1.8
292,Robin Lopez\lopezro01,C,31,MIL,50,684,11.5,.551,.329,.199,6.9,11.2,9.2,6.4,0.5,4.3,14.9,16.6,,0.2,1.2,1.4,.095,,-3.0,1.3,-1.6,0.1
293,Kevin Love\loveke01,PF,31,CLE,46,1439,18.3,.602,.522,.283,3.0,31.7,17.2,15.0,0.9,0.9,14.5,23.4,,2.1,0.9,3.0,.100,,1.3,-0.7,0.6,1.0
294,Kyle Lowry\lowryky01,PG,33,TOR,43,1569,17.8,.587,.564,.395,1.8,11.7,6.8,30.6,1.6,1.1,14.8,23.0,,3.4,2.1,5.6,.170,,3.3,-0.1,3.2,2.1
295,Timothé Luwawu-Cabarrot\luwawti01,SG,24,BRK,28,423,8.5,.567,.545,.339,3.0,11.1,7.2,4.6,1.5,0.6,14.0,14.8,,0.1,0.5,0.6,.066,,-2.7,-0.6,-3.3,-0.1
296,Trey Lyles\lylestr01,PF,24,SAS,54,993,12.0,.535,.492,.124,6.8,25.9,16.4,7.3,0.9,1.9,10.5,13.3,,0.7,0.8,1.5,.073,,-1.4,-0.2,-1.6,0.1
297,Daryl Macon\maconda01,SG,24,MIA,4,14,-3.0,.500,.667,.000,0.0,0.0,0.0,9.6,0.0,0.0,40.0,15.8,,0.0,0.0,0.0,-0.158,,-9.5,-5.9,-15.4,0.0
298,J.P. Macura\macurjp01,SG,24,CLE,1,1,0.0,,,,0.0,0.0,0.0,0.0,0.0,0.0,,0.0,,0.0,0.0,0.0,-0.026,,-6.2,-0.8,-7.0,0.0
299,Josh Magette\magetjo01,PG,30,ORL,8,38,5.2,.378,.267,.133,2.7,14.6,8.4,19.8,3.9,2.4,23.9,23.9,,-0.2,0.1,-0.1,-0.122,,-9.1,2.0,-7.1,0.0
300,Ian Mahinmi\mahinia01,C,33,WAS,33,725,14.5,.554,.126,.529,10.3,19.9,14.9,8.1,1.5,5.1,15.4,15.9,,0.7,0.6,1.2,.082,,-1.8,1.6,-0.2,0.3
301,Thon Maker\makerth01,C,22,DET,52,662,14.0,.611,.331,.662,8.1,15.4,11.7,7.1,1.5,4.0,17.1,15.7,,0.8,0.7,1.5,.106,,-1.4,1.0,-0.4,0.3
302,Terance Mann\mannte01,SG,23,LAC,34,270,7.1,.472,.222,.222,1.6,10.8,6.3,18.0,1.4,1.6,19.1,11.2,,0.0,0.3,0.3,.055,,-4.2,0.7,-3.5,-0.1
303,Boban Marjanović\marjabo01,C,31,DAL,28,255,22.1,.590,.074,.306,15.1,31.2,23.2,7.2,0.8,1.7,12.7,26.4,,0.5,0.3,0.9,.161,,-1.6,-2.3,-4.0,-0.1
304,Lauri Markkanen\markkla01,PF,22,CHI,46,1395,14.4,.560,.535,.271,4.3,19.7,11.7,7.8,1.3,1.5,11.1,21.2,,1.0,1.5,2.5,.087,,-0.6,-0.6,-1.3,0.3
305,Caleb Martin\martica02,SF,24,CHO,8,99,3.5,.392,.320,.280,2.1,12.6,7.1,7.3,1.5,1.9,12.5,14.2,,-0.2,0.1,-0.1,-0.047,,-7.1,-0.6,-7.7,-0.1
306,Cody Martin\martico01,SF,24,CHO,37,591,10.9,.516,.383,.319,5.0,14.6,9.6,12.6,2.3,0.9,13.5,13.8,,0.3,0.5,0.7,.061,,-2.4,0.3,-2.1,0.0
307,Jeremiah Martin\martije02,PG,23,BRK,2,11,4.8,.250,.000,.000,0.0,9.1,4.7,12.4,4.3,0.0,0.0,15.2,,0.0,0.0,0.0,-0.055,,-9.2,1.2,-8.0,0.0
308,Kelan Martin\martike03,SF,24,MIN,22,370,7.3,.477,.519,.092,1.9,19.0,10.2,3.9,0.8,1.6,8.1,16.5,,-0.2,0.3,0.0,.005,,-4.8,-1.8,-6.5,-0.4
309,Frank Mason\masonfr01,PG,25,MIL,4,18,6.0,.285,.571,.571,5.8,5.1,5.5,32.4,2.5,0.0,10.2,22.3,,0.0,0.0,0.0,-0.023,,-4.7,-1.9,-6.6,0.0
310,Garrison Mathews\mathega01,SG,23,WAS,16,202,14.1,.726,.840,.640,3.1,9.4,6.2,6.4,0.7,0.4,9.8,14.6,,0.6,0.0,0.6,.144,,3.0,-4.1,-1.1,0.0
311,Wesley Matthews\matthwe02,SG,33,MIL,51,1253,8.3,.558,.691,.166,0.9,8.5,4.9,7.0,1.1,0.6,9.5,12.5,,0.7,1.9,2.5,.097,,-1.1,0.3,-0.8,0.4
312,Patrick McCaw\mccawpa01,SF,24,TOR,31,747,8.4,.531,.423,.117,2.3,7.0,4.7,12.3,2.1,0.5,14.8,9.7,,0.4,0.9,1.3,.085,,-1.9,1.2,-0.7,0.2
313,CJ McCollum\mccolcj01,SG,28,POR,52,1856,16.0,.534,.371,.118,1.8,9.3,5.6,16.7,1.0,1.5,8.1,25.7,,1.9,0.5,2.4,.062,,1.2,-2.2,-1.0,0.5
314,T.J. McConnell\mccontj01,PG,27,IND,53,1016,17.1,.549,.041,.111,3.0,12.5,7.7,38.3,1.9,1.0,18.3,17.5,,1.6,1.1,2.7,.129,,-0.6,-0.4,-0.9,0.3
315,Jalen McDaniels\mcdanja01,PF,22,CHO,5,65,18.4,.779,.438,.188,3.2,17.4,10.0,2.5,2.3,0.0,0.0,11.7,,0.2,0.1,0.3,.199,,1.4,-2.0,-0.6,0.0
316,Doug McDermott\mcderdo01,PF,28,IND,55,1134,13.9,.618,.542,.102,2.2,11.6,6.9,7.7,0.3,0.3,6.7,19.3,,1.9,0.7,2.6,.109,,1.7,-2.9,-1.2,0.2
317,JaVale McGee\mcgeeja01,C,32,LAL,51,858,21.1,.658,.024,.271,12.7,24.7,18.9,5.4,1.4,8.3,12.4,15.6,,2.1,1.9,3.9,.219,,-0.3,4.3,4.0,1.3
318,Rodney McGruder\mcgruro01,SG,28,LAC,43,707,6.3,.460,.507,.178,3.7,13.8,8.9,5.2,1.5,1.0,10.8,10.3,,-0.1,0.9,0.7,.049,,-3.1,1.2,-1.9,0.0
319,Alfonzo McKinnie\mckinal01,SF,27,CLE,37,531,8.2,.479,.388,.191,6.4,14.9,10.6,3.4,1.9,1.0,12.2,15.1,,-0.2,0.3,0.0,.003,,-3.7,-1.4,-5.1,-0.4
320,Jordan McLaughlin\mclaujo01,PG,23,MIN,19,362,14.8,.545,.455,.136,0.8,8.7,4.6,29.5,2.5,0.5,10.7,14.9,,0.6,0.3,0.9,.116,,-0.1,-1.9,-2.0,0.0
321,Ben McLemore\mclembe01,SG,26,HOU,54,1276,11.5,.609,.829,.136,1.4,8.3,4.8,5.4,1.2,0.8,8.5,15.9,,1.7,0.8,2.5,.093,,0.7,-2.2,-1.4,0.2
322,Jordan McRae\mcraejo01,SG,28,TOT,31,679,15.5,.526,.342,.270,2.8,15.0,8.7,18.5,1.4,2.0,9.5,24.4,,0.6,0.2,0.8,.058,,-0.3,-1.9,-2.2,0.0
322,Jordan McRae\mcraejo01,SG,28,WAS,29,654,15.3,.523,.334,.262,2.7,14.9,8.6,18.5,1.4,2.0,9.7,24.8,,0.5,0.2,0.7,.050,,-0.5,-2.0,-2.4,-0.1
322,Jordan McRae\mcraejo01,SG,28,DEN,2,25,21.0,.666,.800,.800,4.4,17.7,11.0,20.6,2.0,3.6,0.0,11.7,,0.1,0.0,0.1,.283,,3.9,1.4,5.3,0.0
323,Nicolò Melli\mellini01,C,29,NOP,43,681,12.0,.592,.639,.190,3.7,15.0,9.3,9.4,1.6,1.7,12.6,15.3,,0.7,0.6,1.3,.090,,-0.1,-0.4,-0.5,0.2
324,De'Anthony Melton\meltode01,PG,21,MEM,41,755,15.7,.534,.286,.309,3.8,16.8,10.4,21.9,3.3,1.5,16.4,20.2,,0.4,1.1,1.5,.093,,-1.0,1.8,0.9,0.5
325,Chimezie Metu\metuch01,PF,22,SAS,15,64,25.9,.584,.000,.276,15.2,23.4,19.3,12.6,0.8,5.5,8.4,24.1,,0.2,0.1,0.2,.186,,0.7,0.2,0.9,0.0
326,Khris Middleton\middlkh01,SF,28,MIL,47,1389,21.9,.624,.372,.234,2.7,16.8,10.2,22.0,1.5,0.4,11.0,25.6,,3.9,2.6,6.5,.223,,3.7,0.4,4.2,2.2
327,Eric Mika\mikaer01,PF,25,SAC,1,19,14.1,.773,.000,.667,11.5,30.7,20.8,0.0,0.0,0.0,0.0,8.9,,0.1,0.0,0.1,.222,,-2.5,-6.1,-8.6,0.0
328,C.J. Miles\milescj01,SG,32,WAS,10,161,11.1,.472,.593,.339,2.6,5.6,4.0,9.8,2.9,2.1,5.6,18.5,,0.0,0.1,0.1,.033,,-1.1,-1.9,-2.9,0.0
329,Malcolm Miller\millema01,SF,26,TOR,22,117,4.8,.423,.762,.286,0.9,11.5,6.3,8.7,1.6,1.7,11.3,9.8,,-0.1,0.2,0.1,.036,,-4.4,0.9,-3.5,0.0
330,Patty Mills\millspa02,PG,31,SAS,54,1245,14.8,.592,.670,.173,1.6,5.8,3.7,11.9,1.7,0.4,7.9,20.2,,1.9,0.4,2.3,.088,,3.0,-3.3,-0.4,0.5
331,Paul Millsap\millspa01,PF,34,DEN,35,855,18.4,.594,.272,.353,9.0,17.9,13.4,9.5,1.8,2.4,10.5,20.2,,1.9,1.2,3.0,.170,,1.0,0.7,1.7,0.8
332,Shake Milton\miltosh01,SG,23,PHI,22,328,10.2,.551,.509,.268,2.0,13.0,7.5,14.4,1.3,0.3,15.5,19.5,,0.1,0.4,0.4,.065,,-2.0,-1.5,-3.6,-0.1
333,Donovan Mitchell\mitchdo01,SG,23,UTA,53,1825,19.3,.561,.340,.228,2.3,11.0,6.8,21.5,1.6,0.5,11.1,30.9,,2.7,2.0,4.7,.123,,2.1,-0.7,1.4,1.6
334,Naz Mitrou-Long\mitrona01,SG,26,IND,3,43,10.1,.438,.688,.000,0.0,15.4,7.7,22.2,1.1,2.0,11.1,18.5,,0.0,0.0,0.0,.013,,-2.7,-1.0,-3.7,0.0
335,Adam Mokoka\mokokad01,SG,21,CHI,6,22,18.7,.472,.467,.133,19.1,0.0,9.9,0.0,2.2,0.0,0.0,30.8,,0.0,0.0,0.0,.044,,0.4,-9.4,-9.0,0.0
336,Malik Monk\monkma01,SG,21,CHO,52,1086,12.6,.532,.416,.195,2.3,12.7,7.3,16.5,1.1,1.4,12.9,22.5,,0.1,0.5,0.6,.027,,-1.7,-2.0,-3.7,-0.5
337,Matt Mooney\moonema01,SG,22,CLE,2,5,21.7,.500,.500,.000,0.0,22.3,11.0,31.7,0.0,17.1,0.0,17.0,,0.0,0.0,0.0,.182,,-0.4,6.3,5.9,0.0
338,E'Twaun Moore\mooreet01,SG,30,NOP,42,841,11.8,.511,.393,.104,3.4,10.4,6.8,11.1,1.3,0.8,7.3,20.6,,0.3,0.4,0.7,.043,,-1.3,-2.2,-3.5,-0.3
339,Ja Morant\moranja01,PG,20,MEM,48,1435,18.4,.568,.163,.326,2.4,10.0,6.3,35.3,1.6,0.8,17.1,26.1,,1.9,1.0,2.8,.095,,0.9,-1.3,-0.4,0.6
340,Juwan Morgan\morgaju01,PF,22,UTA,13,53,9.4,.577,.308,.000,10.8,17.7,14.4,2.7,0.0,1.6,18.8,13.2,,0.0,0.1,0.1,.069,,-3.1,-1.1,-4.3,0.0
341,Marcus Morris\morrima03,SF-PF,30,TOT,46,1486,16.1,.579,.419,.296,3.4,14.7,8.9,6.9,1.2,1.3,9.3,23.7,,2.2,0.9,3.1,.101,,1.0,-2.0,-0.9,0.4
341,Marcus Morris\morrima03,SF,30,NYK,43,1387,16.6,.582,.415,.311,3.5,14.7,8.9,6.9,1.2,1.2,9.2,24.3,,2.2,0.8,3.0,.104,,1.3,-2.2,-0.9,0.4
341,Marcus Morris\morrima03,PF,30,LAC,3,99,9.4,.516,.500,.000,2.1,15.2,8.8,7.0,1.4,2.7,11.1,15.0,,0.0,0.1,0.1,.061,,-2.7,1.2,-1.5,0.0
342,Markieff Morris\morrima02,PF,30,DET,44,988,12.8,.573,.486,.203,2.7,17.1,9.9,10.9,1.3,0.9,14.2,21.7,,0.4,0.7,1.1,.054,,-0.9,-1.4,-2.3,-0.1
343,Monte Morris\morrimo01,PG,24,DEN,55,1163,15.4,.538,.285,.134,1.8,7.4,4.6,24.6,1.7,0.9,7.7,17.5,,2.1,1.0,3.1,.127,,0.2,-1.6,-1.5,0.2
344,Johnathan Motley\motlejo01,PF,24,LAC,13,41,28.4,.774,.067,.467,7.7,17.2,12.5,32.7,3.4,0.0,21.7,23.3,,0.2,0.1,0.3,.297,,5.3,1.4,6.6,0.1
345,Emmanuel Mudiay\mudiaem01,PG,23,UTA,45,724,13.2,.543,.263,.226,2.5,13.4,8.2,21.7,1.2,1.0,17.1,21.9,,0.2,0.8,1.1,.070,,-1.9,0.0,-1.9,0.0
346,Dejounte Murray\murrade01,PG,23,SAS,50,1228,17.3,.548,.170,.198,5.2,20.1,12.7,23.1,3.2,0.9,16.6,20.0,,1.0,1.4,2.4,.095,,0.2,1.8,2.0,1.2
347,Jamal Murray\murraja01,PG,22,DEN,45,1455,18.0,.557,.342,.217,2.6,10.9,6.7,22.9,1.9,0.8,11.5,25.6,,2.1,1.5,3.6,.119,,1.8,-0.9,0.9,1.1
348,Džanan Musa\musadz01,SF,20,BRK,35,404,8.4,.467,.468,.317,5.0,12.9,9.0,10.9,1.5,0.2,15.5,19.4,,-0.4,0.4,0.1,.008,,-4.3,-1.0,-5.2,-0.3
349,Mike Muscala\muscami01,C,28,OKC,37,463,12.1,.562,.762,.150,3.0,17.6,10.5,9.5,0.7,1.8,7.7,16.2,,0.5,0.5,1.0,.103,,0.1,-0.9,-0.9,0.1
350,Sviatoslav Mykhailiuk\mykhasv01,SF,22,DET,47,1037,11.6,.609,.708,.179,1.4,7.2,4.3,10.7,1.4,0.3,12.0,16.3,,1.2,0.5,1.7,.078,,0.9,-2.2,-1.4,0.2
351,Abdel Nader\naderab01,SF,26,OKC,39,589,10.3,.580,.494,.267,1.9,9.3,5.7,6.1,1.3,1.7,14.3,16.8,,0.2,0.5,0.7,.058,,-1.9,-0.8,-2.8,-0.1
352,Larry Nance\nancela02,C,27,CLE,45,1128,17.2,.609,.396,.172,7.8,24.4,16.1,11.5,1.6,1.6,11.6,15.0,,2.1,0.8,2.9,.123,,1.1,0.7,1.8,1.1
353,Shabazz Napier\napiesh01,PG,28,TOT,40,934,14.4,.548,.565,.316,2.2,11.6,6.8,31.3,2.2,0.7,19.4,19.4,,0.8,0.7,1.5,.079,,0.1,-1.3,-1.2,0.2
353,Shabazz Napier\napiesh01,PG,28,MIN,36,856,14.1,.539,.562,.311,2.0,11.8,6.7,31.8,2.2,0.7,19.1,19.2,,0.7,0.7,1.4,.077,,0.0,-1.2,-1.2,0.2
353,Shabazz Napier\napiesh01,PG,28,WAS,4,78,17.5,.637,.593,.370,4.0,10.1,6.9,26.4,2.4,1.1,22.3,21.5,,0.1,0.0,0.2,.104,,1.8,-2.5,-0.7,0.0
354,Raul Neto\netora01,PG,27,PHI,44,480,10.8,.534,.412,.118,2.5,8.4,5.5,18.9,2.0,0.9,17.9,17.6,,0.0,0.6,0.6,.061,,-2.6,-0.9,-3.5,-0.2
355,Malik Newman\newmama01,SG,22,CLE,1,4,-11.2,.347,.500,1.000,0.0,0.0,0.0,0.0,0.0,0.0,25.8,41.3,,0.0,0.0,0.0,-0.504,,-18.9,-10.4,-29.3,0.0
356,Georges Niang\niangge01,PF,26,UTA,48,652,12.6,.617,.683,.101,1.9,12.3,7.3,7.2,0.9,0.6,8.8,16.7,,1.0,0.6,1.6,.118,,1.0,-1.2,-0.2,0.3
357,Nerlens Noel\noelne01,C,25,OKC,46,859,22.3,.708,.014,.396,10.0,20.2,15.3,8.8,2.7,6.6,15.3,15.4,,2.4,1.8,4.2,.234,,1.2,5.2,6.4,1.8
358,Zach Norvell\norveza01,SG,22,TOT,5,41,2.6,.402,.667,.083,0.0,16.2,7.9,10.3,2.3,0.0,19.4,16.0,,-0.1,0.0,-0.1,-0.083,,-7.2,-1.6,-8.8,-0.1
358,Zach Norvell\norveza01,SG,22,LAL,2,5,-5.6,.000,.000,.000,0.0,21.4,11.0,0.0,0.0,0.0,0.0,8.5,,0.0,0.0,0.0,-0.154,,-14.4,-2.9,-17.3,0.0
358,Zach Norvell\norveza01,SG,22,GSW,3,36,3.8,.437,.727,.091,0.0,15.5,7.5,11.8,2.7,0.0,20.8,17.1,,-0.1,0.0,-0.1,-0.073,,-6.2,-1.4,-7.6,-0.1
359,Jaylen Nowell\nowelja01,SG,20,MIN,9,102,8.7,.461,.513,.256,2.0,7.4,4.6,15.8,0.0,0.8,6.5,18.8,,0.0,0.0,0.0,.013,,-3.0,-4.2,-7.2,-0.1
360,Frank Ntilikina\ntilila01,PG,21,NYK,49,1009,9.0,.479,.407,.160,2.0,9.6,5.7,20.4,2.2,1.5,17.9,15.0,,-0.3,0.7,0.5,.023,,-2.8,-0.1,-2.9,-0.2
361,Kendrick Nunn\nunnke01,SG,24,MIA,51,1532,12.8,.529,.411,.108,1.1,8.7,5.1,18.9,1.4,0.6,10.7,23.9,,0.4,1.3,1.6,.051,,-0.7,-2.1,-2.8,-0.3
362,David Nwaba\nwabada01,SF,27,BRK,20,268,14.1,.627,.394,.380,3.2,13.8,8.6,4.3,1.9,3.7,8.8,14.2,,0.4,0.4,0.8,.144,,-1.6,1.5,-0.1,0.1
363,Royce O'Neale\onealro01,PF,26,UTA,54,1579,8.8,.592,.633,.113,1.4,17.1,9.6,11.3,1.2,1.1,14.6,8.7,,1.4,2.0,3.4,.104,,-0.3,2.6,2.3,1.7
364,Kyle O'Quinn\oquinky01,C,29,PHI,22,221,17.5,.552,.328,.172,13.5,26.6,20.1,20.7,0.9,6.5,20.7,16.9,,0.2,0.4,0.7,.145,,-1.0,4.3,3.3,0.3
365,Semi Ojeleye\ojelese01,PF,25,BOS,51,762,7.3,.547,.620,.209,2.9,10.6,6.8,4.7,1.1,0.5,6.6,8.5,,0.6,0.8,1.4,.090,,-1.5,0.0,-1.5,0.1
366,Jahlil Okafor\okafoja01,C,24,NOP,27,420,18.1,.631,.014,.403,11.4,18.0,14.7,12.9,0.8,3.8,17.5,20.1,,0.8,0.4,1.1,.128,,-0.5,0.7,0.2,0.2
367,Elie Okobo\okoboel01,PG,22,PHO,45,608,11.3,.517,.408,.389,2.5,10.9,6.6,21.7,1.7,0.6,13.6,14.9,,0.5,0.5,0.9,.074,,-1.8,-1.0,-2.9,-0.1
368,Josh Okogie\okogijo01,SG,21,MIN,51,1246,11.6,.538,.392,.484,5.7,13.2,9.3,9.0,2.1,1.4,15.3,16.0,,0.5,1.1,1.7,.064,,-1.8,0.6,-1.2,0.3
369,KZ Okpala\okpalkz01,SF,20,MIA,5,26,13.8,.595,.200,.400,4.5,16.4,10.7,5.5,3.8,3.8,14.5,11.7,,0.0,0.1,0.1,.123,,-2.9,3.4,0.5,0.0
370,Victor Oladipo\oladivi01,SG,27,IND,7,175,7.5,.426,.482,.176,3.8,5.0,4.4,16.0,1.1,0.5,11.6,26.1,,-0.3,0.1,-0.2,-0.064,,-3.4,-3.5,-6.9,-0.2
371,Kelly Olynyk\olynyke01,C,28,MIA,48,934,13.3,.609,.581,.258,4.1,21.4,13.2,11.0,1.6,1.6,14.6,16.5,,1.1,1.3,2.4,.121,,-0.2,0.6,0.4,0.6
372,Miye Oni\onimi01,SG,22,UTA,3,8,-5.0,,,,0.0,13.0,6.8,0.0,0.0,0.0,100.0,5.5,,0.0,0.0,0.0,-0.140,,-11.6,0.7,-10.9,0.0
373,Cedi Osman\osmande01,SF,24,CLE,54,1560,10.6,.553,.523,.141,1.8,11.4,6.5,11.7,1.4,0.8,12.6,16.4,,0.8,0.4,1.2,.036,,-0.4,-1.3,-1.7,0.1
374,Kelly Oubre\oubreke01,SF,24,PHO,53,1825,15.3,.566,.378,.303,3.7,17.7,10.6,6.6,1.7,1.8,8.4,22.5,,1.8,1.9,3.7,.098,,-0.3,-0.4,-0.7,0.6
375,Tariq Owens\owensta01,PF,24,PHO,3,15,8.5,.340,.400,.400,14.4,7.5,11.0,0.0,3.1,0.0,0.0,16.7,,0.0,0.0,0.0,.019,,-5.1,-4.3,-9.4,0.0
376,Jeremy Pargo\pargoje01,PG,33,GSW,3,44,12.8,.557,.318,.045,2.4,5.1,3.7,33.5,1.1,0.0,15.1,25.6,,0.0,0.0,0.0,.014,,-0.5,-5.8,-6.4,0.0
377,Jabari Parker\parkeja01,PF,24,ATL,32,837,17.3,.565,.293,.183,6.9,17.8,12.3,11.7,2.3,1.5,12.4,24.1,,0.6,0.7,1.2,.071,,-0.1,-0.6,-0.8,0.3
378,Chandler Parsons\parsoch01,SF,31,ATL,5,54,5.7,.389,.778,.000,2.0,12.1,7.0,7.5,3.4,1.5,14.3,16.2,,-0.1,0.0,-0.1,-0.065,,-5.2,-0.4,-5.5,0.0
379,Eric Paschall\pascher01,PF,23,GSW,50,1334,13.7,.554,.196,.312,5.4,13.8,9.4,10.6,1.0,0.8,11.3,21.5,,0.8,0.5,1.4,.049,,-1.8,-2.0,-3.8,-0.6
380,Anžejs Pasečņiks\pasecan01,C,24,WAS,20,370,12.3,.560,.020,.490,10.5,17.3,13.8,6.2,1.0,2.3,15.1,16.4,,0.3,0.1,0.5,.059,,-2.6,-1.1,-3.7,-0.2
381,Patrick Patterson\pattepa01,PF,30,LAC,45,578,11.6,.567,.753,.191,5.3,15.3,10.4,6.8,0.5,0.5,7.2,14.9,,0.8,0.6,1.4,.117,,0.5,-1.5,-1.0,0.1
382,Justin Patton\pattoju01,C,22,OKC,5,24,4.7,.450,.400,.000,4.8,17.8,11.5,12.5,0.0,0.0,16.7,22.0,,0.0,0.0,0.0,-0.064,,-5.9,-3.0,-8.8,0.0
383,Chris Paul\paulch01,PG,34,OKC,54,1716,21.6,.607,.358,.318,1.3,15.8,8.8,32.9,2.4,0.4,12.7,22.8,,4.8,2.2,7.1,.198,,4.2,0.6,4.8,2.9
384,Elfrid Payton\paytoel01,PG,25,NYK,36,988,15.9,.460,.166,.157,4.4,14.0,9.0,37.7,3.0,1.5,15.9,19.4,,0.3,1.1,1.3,.065,,-0.6,1.2,0.5,0.6
385,Gary Payton\paytoga02,PG,27,WAS,23,406,11.4,.471,.374,.075,6.5,13.3,9.7,14.3,3.7,1.5,14.7,13.2,,0.1,0.3,0.4,.048,,-1.3,1.4,0.1,0.2
386,Norvel Pelle\pelleno01,C,26,PHI,16,164,12.4,.583,.000,.414,9.4,26.6,18.1,5.8,0.3,11.9,25.9,12.2,,0.0,0.4,0.4,.110,,-6.1,6.3,0.2,0.1
387,Theo Pinson\pinsoth01,SG,24,BRK,28,342,5.0,.376,.513,.107,3.1,11.1,7.2,21.8,2.1,0.5,16.9,23.1,,-1.0,0.4,-0.6,-0.079,,-5.9,-0.8,-6.7,-0.4
388,Mason Plumlee\plumlma01,C,29,DEN,43,750,19.2,.609,.019,.543,11.5,23.6,17.6,20.3,1.5,3.3,19.5,18.7,,1.4,1.2,2.5,.161,,0.0,2.9,2.9,0.9
389,Vincent Poirier\poirivi01,C,26,BOS,18,108,12.1,.529,.067,.233,9.1,23.7,16.4,8.9,0.9,5.1,15.4,15.5,,0.1,0.2,0.3,.117,,-4.0,2.4,-1.6,0.0
390,Jakob Pöltl\poeltja01,C,24,SAS,54,922,19.5,.619,.000,.330,11.5,22.8,17.2,14.4,1.4,7.6,15.7,13.2,,2.0,1.2,3.2,.165,,0.3,4.7,4.9,1.6
391,Shamorie Ponds\pondssh01,PG,21,TOR,4,11,33.4,.765,.400,.400,0.0,9.4,4.8,31.8,0.0,8.8,0.0,22.9,,0.1,0.0,0.1,.451,,9.0,-0.1,8.9,0.0
392,Jordan Poole\poolejo01,SG,20,GSW,48,1033,5.8,.420,.538,.229,0.6,9.9,5.1,13.6,1.4,0.8,9.9,20.5,,-1.7,0.4,-1.3,-0.062,,-4.8,-2.7,-7.5,-1.4
393,Kevin Porter\porteke02,SF,19,CLE,42,952,10.8,.547,.363,.222,2.0,13.6,7.7,13.1,1.9,0.6,17.2,20.3,,-0.2,0.4,0.2,.010,,-2.1,-1.3,-3.4,-0.3
394,Michael Porter\portemi01,PF,21,DEN,39,556,19.9,.609,.370,.164,8.5,25.5,16.9,8.1,1.5,2.9,10.5,22.2,,1.0,0.9,1.9,.165,,0.6,-0.2,0.4,0.3
395,Otto Porter\porteot01,SF,26,CHI,9,226,13.5,.544,.476,.238,3.7,11.6,7.5,9.4,1.9,1.2,7.0,18.9,,0.2,0.2,0.5,.098,,-0.6,-0.9,-1.5,0.0
396,Bobby Portis\portibo01,C,24,NYK,55,1142,14.0,.513,.334,.159,6.7,20.7,13.4,11.8,1.2,0.8,10.4,20.9,,0.5,0.8,1.4,.057,,-1.2,-1.1,-2.3,-0.1
397,Kristaps Porziņģis\porzikr01,PF,24,DAL,42,1283,18.5,.537,.433,.293,5.7,25.3,15.7,7.4,1.1,5.2,8.8,26.4,,1.2,1.9,3.1,.116,,-1.0,0.5,-0.5,0.5
398,Dwight Powell\poweldw01,C,28,DAL,40,1061,16.2,.677,.170,.485,7.5,14.8,11.2,7.7,1.6,1.8,11.5,12.7,,2.7,1.0,3.7,.166,,1.5,1.3,2.8,1.3
399,Norman Powell\powelno01,SG,26,TOR,38,1072,16.7,.623,.455,.237,2.2,12.0,7.2,9.2,2.1,1.3,10.9,20.9,,1.6,1.6,3.3,.147,,1.2,0.2,1.5,0.9
400,Julius Randle\randlju01,PF,25,NYK,53,1741,16.9,.529,.246,.333,7.1,24.6,15.5,16.4,1.2,1.0,14.4,27.5,,0.4,1.5,1.9,.051,,-0.5,-0.2,-0.7,0.6
401,Josh Reaves\reavejo02,SG,22,DAL,2,1,-40.3,.000,.000,.000,0.0,0.0,0.0,0.0,0.0,0.0,0.0,42.9,,0.0,0.0,0.0,-1.035,,-38.5,-12.3,-50.8,0.0
402,Cam Reddish\reddica01,SF,20,ATL,48,1247,7.5,.467,.452,.228,2.6,13.0,7.7,8.4,1.8,1.5,14.0,18.5,,-1.5,0.6,-0.9,-0.033,,-4.2,-0.9,-5.1,-1.0
403,J.J. Redick\redicjj01,SG,35,NOP,50,1359,15.8,.645,.618,.298,0.7,9.6,5.1,10.5,0.6,0.5,9.1,20.2,,3.3,0.4,3.6,.128,,2.8,-3.2,-0.3,0.6
404,Naz Reid\reidna01,C,20,MIN,19,216,16.4,.533,.500,.172,6.6,19.1,12.6,11.1,1.3,3.8,8.4,27.4,,0.1,0.2,0.4,.084,,-0.1,-1.4,-1.5,0.0
405,Josh Richardson\richajo01,SG,26,PHI,41,1264,12.6,.538,.376,.233,2.8,8.6,5.7,15.6,1.5,1.7,13.4,21.8,,0.4,1.5,1.9,.071,,-1.0,-0.4,-1.5,0.2
406,Austin Rivers\riverau01,SG,27,HOU,50,1181,9.9,.526,.539,.209,1.7,9.2,5.4,9.0,1.3,0.7,6.9,15.1,,0.9,0.8,1.7,.068,,-1.6,-1.4,-3.0,-0.3
407,Duncan Robinson\robindu01,SF,25,MIA,54,1573,12.6,.665,.886,.091,0.6,11.3,6.2,7.1,0.9,0.8,7.6,15.5,,2.7,1.3,4.0,.121,,2.9,-1.6,1.3,1.3
408,Glenn Robinson\robingl02,SF,26,TOT,50,1541,13.3,.576,.331,.143,4.5,11.7,7.9,8.9,1.4,0.9,8.5,16.7,,1.6,0.7,2.3,.071,,-0.4,-1.1,-1.5,0.2
408,Glenn Robinson\robingl02,SF,26,GSW,48,1516,13.2,.574,.335,.146,4.5,11.8,8.0,8.9,1.4,0.8,8.5,16.6,,1.6,0.6,2.2,.070,,-0.4,-1.1,-1.5,0.2
408,Glenn Robinson\robingl02,SF,26,PHI,2,25,20.1,.667,.167,.000,4.4,4.4,4.4,7.6,0.0,3.4,7.7,22.4,,0.0,0.0,0.1,.132,,0.3,-3.0,-2.7,0.0
409,Jerome Robinson\robinje01,SG,22,TOT,45,531,4.9,.424,.497,.139,1.0,13.2,7.1,12.2,1.2,1.3,14.9,14.7,,-0.6,0.6,-0.1,-0.006,,-4.8,0.0,-4.8,-0.4
409,Jerome Robinson\robinje01,SG,22,LAC,42,476,4.8,.423,.493,.140,1.1,11.6,6.5,12.6,1.3,1.5,15.3,14.8,,-0.6,0.5,0.0,-0.004,,-4.8,0.3,-4.5,-0.3
409,Jerome Robinson\robinje01,SG,22,WAS,3,55,4.9,.441,.533,.133,0.0,26.5,12.8,9.2,0.8,0.0,11.2,13.5,,-0.1,0.0,0.0,-0.026,,-5.4,-2.2,-7.6,-0.1
410,Justin Robinson\robinju01,PG,22,WAS,9,49,8.3,.542,.417,.000,2.1,9.2,5.5,18.3,0.0,1.7,20.0,12.7,,0.0,0.0,0.0,.004,,-3.5,-3.5,-7.0,-0.1
411,Mitchell Robinson\robinmi01,C,21,NYK,51,1154,22.5,.719,.000,.427,12.9,18.6,15.6,3.8,1.9,7.7,9.2,13.2,,3.7,1.6,5.3,.221,,1.6,3.7,5.3,2.1
412,Isaiah Roby\robyis01,SF,21,OKC,1,2,-20.2,.000,.000,.000,0.0,0.0,0.0,0.0,0.0,0.0,0.0,22.0,,0.0,0.0,0.0,-0.545,,-22.5,-5.9,-28.4,0.0
413,Rajon Rondo\rondora01,PG,33,LAL,38,797,13.5,.513,.385,.121,2.5,14.6,8.7,33.7,1.8,0.2,21.1,19.4,,0.4,1.0,1.4,.084,,-1.2,-0.4,-1.6,0.1
414,Derrick Rose\rosede01,PG,31,DET,45,1180,21.3,.556,.197,.189,2.3,8.4,5.3,41.1,1.5,1.0,13.1,31.2,,2.0,0.6,2.6,.106,,2.8,-2.5,0.3,0.7
415,Terrence Ross\rosste01,SG,28,ORL,53,1419,12.5,.521,.589,.207,0.8,11.7,6.0,6.5,2.0,1.2,7.2,22.5,,0.0,1.7,1.7,.057,,-1.0,-1.4,-2.4,-0.1
416,Terry Rozier\roziete01,PG,25,CHO,53,1814,14.6,.546,.452,.211,2.5,12.4,7.2,20.3,1.5,0.5,12.7,23.9,,1.3,0.9,2.2,.057,,0.8,-1.7,-0.9,0.5
417,Ricky Rubio\rubiori01,PG,29,PHO,47,1472,14.8,.507,.300,.290,2.6,13.2,7.8,38.6,2.1,0.5,17.9,20.0,,1.3,1.3,2.6,.086,,-0.3,-0.3,-0.7,0.5
418,D'Angelo Russell\russeda01,PG,23,TOT,35,1127,19.4,.561,.504,.227,1.4,11.2,6.1,36.6,1.4,0.8,13.0,32.0,,1.1,0.5,1.6,.067,,4.7,-3.0,1.7,1.1
418,D'Angelo Russell\russeda01,PG,23,GSW,33,1060,19.3,.558,.506,.227,1.4,11.4,6.2,36.4,1.4,0.8,12.6,32.1,,1.0,0.4,1.4,.063,,4.8,-2.9,1.8,1.0
418,D'Angelo Russell\russeda01,PG,23,MIN,2,67,21.5,.623,.486,.229,1.5,8.1,4.7,41.0,2.1,1.2,18.9,29.3,,0.2,0.0,0.2,.145,,3.7,-3.3,0.4,0.0
419,Domantas Sabonis\sabondo01,C,23,IND,52,1799,20.6,.587,.083,.350,9.8,30.0,20.0,21.0,1.0,1.3,14.9,23.3,,3.5,2.7,6.2,.166,,1.5,2.3,3.9,2.7
420,JaKarr Sampson\sampsja02,SF,26,IND,18,248,11.0,.599,.186,.169,4.9,14.2,9.6,2.2,1.2,2.8,8.6,12.3,,0.2,0.3,0.5,.096,,-2.4,0.2,-2.2,0.0
421,Dario Šarić\saricda01,PF,25,PHO,48,1189,12.5,.549,.473,.174,6.7,20.4,13.4,10.8,1.2,0.9,12.3,17.2,,0.9,1.1,2.0,.079,,-0.7,0.0,-0.7,0.4
422,Tomáš Satoranský\satorto01,PG,28,CHI,55,1575,14.4,.554,.374,.229,3.8,10.4,7.0,27.5,2.2,0.4,17.2,16.7,,2.0,1.5,3.5,.107,,0.0,-0.2,-0.2,0.7
423,Admiral Schofield\schofad01,SF,22,WAS,26,292,6.8,.514,.627,.173,2.2,10.8,6.3,6.2,1.3,0.9,8.0,12.5,,0.1,0.0,0.1,.019,,-2.1,-2.4,-4.5,-0.2
424,Dennis Schröder\schrode01,PG,26,OKC,54,1685,17.0,.576,.343,.226,1.2,12.0,6.8,21.5,1.0,0.7,13.4,27.3,,1.7,1.4,3.1,.089,,1.0,-1.6,-0.6,0.6
425,Mike Scott\scottmi01,PF,31,PHI,55,947,9.6,.528,.651,.098,5.1,16.3,10.8,4.5,0.9,0.4,6.5,14.0,,0.6,1.0,1.7,.084,,-1.6,-1.4,-3.0,-0.2
426,Thabo Sefolosha\sefolth01,PF,35,HOU,38,409,10.0,.513,.600,.071,5.3,17.7,11.5,7.7,2.3,2.5,13.8,10.2,,0.2,0.5,0.7,.083,,-2.8,1.8,-1.0,0.1
427,Collin Sexton\sextoco01,SG,21,CLE,54,1737,15.9,.544,.221,.231,3.5,7.5,5.5,14.1,1.5,0.3,10.7,27.0,,1.5,0.2,1.7,.047,,0.0,-3.1,-3.0,-0.5
428,Landry Shamet\shamela01,SG,22,LAC,38,1111,9.7,.621,.756,.162,0.4,6.8,3.7,8.4,0.6,0.6,8.5,13.2,,1.6,0.8,2.5,.107,,1.3,-1.0,0.3,0.6
429,Marial Shayok\shayoma01,SG,24,PHI,2,10,-1.9,.300,.600,.000,0.0,32.7,16.5,13.4,0.0,0.0,16.7,25.9,,-0.1,0.0,0.0,-0.220,,-12.2,-2.7,-15.0,0.0
430,Iman Shumpert\shumpim01,SG,29,BRK,13,241,5.3,.403,.516,.109,3.9,10.4,7.2,6.8,2.4,0.7,13.0,13.4,,-0.3,0.3,0.0,.000,,-4.8,1.0,-3.8,-0.1
431,Pascal Siakam\siakapa01,PF,25,TOR,44,1538,18.9,.553,.306,.252,3.6,18.8,11.4,16.6,1.4,2.5,10.1,28.9,,1.6,2.5,4.1,.129,,0.4,1.0,1.4,1.3
432,Chris Silva\silvach01,PF,23,MIA,37,289,17.2,.666,.031,.692,20.7,19.6,20.1,9.3,1.5,5.8,26.1,17.5,,0.6,0.5,1.1,.177,,-0.4,2.7,2.3,0.3
433,Ben Simmons\simmobe01,PG,23,PHI,53,1926,20.7,.607,.010,.459,6.1,17.8,12.0,34.8,2.9,1.4,20.5,20.8,,3.8,3.4,7.2,.180,,1.8,3.3,5.1,3.5
434,Anfernee Simons\simonan01,SG,20,POR,55,1219,9.7,.517,.417,.173,1.9,9.5,5.7,9.6,0.7,0.6,9.8,18.7,,0.3,0.2,0.5,.019,,-1.7,-2.6,-4.3,-0.7
435,Alen Smailagić\smailal01,PF,19,GSW,12,118,16.0,.638,.306,.500,7.0,15.1,10.9,12.1,0.8,3.0,17.0,19.1,,0.2,0.1,0.3,.102,,-1.3,-1.2,-2.5,0.0
436,Marcus Smart\smartma01,SG,25,BOS,43,1358,13.8,.525,.589,.201,2.4,9.7,6.1,20.7,2.5,1.4,12.0,18.4,,1.4,2.0,3.4,.119,,1.3,0.8,2.1,1.4
437,Dennis Smith\smithde03,PG,22,NYK,30,465,6.8,.397,.273,.261,4.2,12.1,8.0,26.2,2.0,1.6,20.6,22.5,,-1.2,0.4,-0.8,-0.086,,-5.5,-0.5,-6.0,-0.5
438,Ish Smith\smithis01,PG,31,WAS,53,1400,14.0,.517,.258,.122,1.9,11.4,6.5,25.1,1.5,1.3,11.0,18.4,,1.3,0.3,1.6,.054,,-0.6,-1.8,-2.4,-0.1
439,Zhaire Smith\smithzh01,SG,20,PHI,7,32,1.1,.313,.273,.364,0.0,6.8,3.4,8.3,4.5,0.0,13.6,19.9,,-0.1,0.1,-0.1,-0.111,,-9.7,0.0,-9.7,-0.1
440,Tony Snell\snellto01,SF,28,DET,50,1373,9.6,.606,.678,.064,0.6,6.8,3.7,9.6,0.8,0.7,6.7,11.4,,1.8,0.4,2.2,.077,,0.3,-1.5,-1.2,0.3
441,Omari Spellman\spellom01,PF,22,GSW,49,886,14.5,.551,.373,.312,9.0,17.9,13.3,8.2,1.8,2.4,13.9,18.7,,0.5,0.7,1.3,.068,,-1.8,-0.3,-2.0,0.0
442,Max Strus\strusma01,SG,23,CHI,2,6,30.8,.727,.333,.333,17.5,0.0,9.1,0.0,0.0,0.0,0.0,24.5,,0.0,0.0,0.0,.319,,7.1,-9.6,-2.5,0.0
443,Edmond Sumner\sumneed01,PG,24,IND,20,268,10.2,.502,.325,.163,3.3,8.6,6.0,14.0,2.4,2.0,14.9,16.6,,-0.1,0.3,0.3,.047,,-2.6,0.6,-2.0,0.0
444,Caleb Swanigan\swanica01,PF,22,TOT,18,199,6.1,.495,.056,.278,11.0,24.3,17.7,10.5,0.5,2.6,36.3,13.6,,-0.3,0.2,-0.1,-0.022,,-5.8,1.3,-4.5,-0.1
444,Caleb Swanigan\swanica01,PF,22,SAC,7,23,0.0,.512,.000,.500,9.5,25.4,17.2,11.7,2.1,8.3,55.1,20.6,,-0.1,0.0,-0.1,-0.177,,-12.9,5.9,-7.0,0.0
444,Caleb Swanigan\swanica01,PF,22,POR,11,176,6.9,.493,.063,.250,11.2,24.2,17.8,10.3,0.3,1.9,32.4,12.6,,-0.1,0.1,0.0,-0.002,,-4.9,0.7,-4.1,-0.1
445,Jayson Tatum\tatumja01,PF,21,BOS,50,1707,19.5,.554,.374,.239,3.2,18.5,10.9,13.9,2.0,2.4,9.7,28.1,,2.1,2.8,4.9,.138,,1.2,0.7,2.0,1.7
446,Jeff Teague\teaguje01,PG,31,TOT,48,1251,14.9,.556,.242,.413,1.7,8.6,5.1,32.4,1.5,1.1,17.0,19.5,,1.8,0.6,2.4,.091,,-0.8,-2.3,-3.1,-0.3
446,Jeff Teague\teaguje01,PG,31,MIN,34,945,16.1,.578,.269,.444,1.6,8.4,4.9,33.0,1.2,1.1,16.4,20.2,,1.8,0.5,2.2,.114,,0.2,-2.4,-2.2,0.0
446,Jeff Teague\teaguje01,PG,31,ATL,14,306,11.2,.471,.144,.300,2.1,9.3,5.6,30.5,2.1,0.8,19.1,17.1,,0.0,0.1,0.1,.018,,-3.9,-2.0,-5.8,-0.3
447,Garrett Temple\templga01,SG,33,BRK,48,1353,9.8,.505,.660,.143,2.0,9.9,6.0,12.5,1.3,1.3,9.7,16.6,,0.3,1.4,1.7,.060,,-1.1,0.0,-1.2,0.3
448,Daniel Theis\theisda01,C,27,BOS,48,1100,17.2,.605,.220,.264,10.1,19.1,14.6,9.9,1.4,5.4,10.6,14.3,,2.4,2.0,4.4,.192,,0.9,3.7,4.6,1.8
449,Isaiah Thomas\thomais02,PG,30,WAS,40,925,11.7,.531,.444,.178,1.2,6.9,4.0,22.7,0.7,0.6,14.4,24.1,,0.2,-0.2,0.0,.000,,-0.8,-4.8,-5.6,-0.9
450,Khyri Thomas\thomakh01,SG,23,DET,2,6,3.9,.568,,,0.0,0.0,0.0,0.0,0.0,0.0,0.0,6.4,,0.0,0.0,0.0,.029,,-4.8,-3.0,-7.8,0.0
451,Matt Thomas\thomama02,SG,25,TOR,24,250,13.2,.656,.675,.088,1.7,12.0,6.9,7.6,1.3,0.0,8.8,15.6,,0.4,0.3,0.7,.137,,0.7,-1.7,-0.9,0.1
452,Tristan Thompson\thomptr01,C,28,CLE,50,1531,16.9,.543,.028,.291,14.8,22.5,18.6,10.1,1.0,2.5,14.6,18.2,,1.8,0.9,2.7,.084,,-0.6,0.8,0.1,0.8
453,Matisse Thybulle\thybuma01,SG,22,PHI,47,953,9.8,.544,.643,.189,2.9,5.6,4.3,7.9,3.5,3.6,15.9,11.4,,0.1,1.7,1.8,.092,,-1.5,3.3,1.9,0.9
454,Anthony Tolliver\tollian01,PF,34,TOT,42,636,6.6,.482,.776,.157,4.8,14.9,9.9,6.4,0.9,1.3,14.9,11.2,,-0.1,0.3,0.2,.017,,-2.3,-0.6,-2.8,-0.1
454,Anthony Tolliver\tollian01,PF,34,POR,33,554,7.6,.515,.761,.162,5.1,15.2,10.2,6.7,0.7,1.4,14.3,11.2,,0.2,0.2,0.4,.034,,-1.5,-0.7,-2.2,0.0
454,Anthony Tolliver\tollian01,PF,34,SAC,9,82,0.3,.252,.882,.118,2.7,12.8,7.6,4.6,2.4,1.2,18.3,11.6,,-0.2,0.1,-0.2,-0.100,,-7.2,0.4,-6.8,-0.1
455,Juan Toscano-Anderson\toscaju01,SF,26,GSW,3,47,8.6,.600,.200,.000,0.0,16.6,8.0,9.3,3.0,0.0,23.1,11.8,,0.0,0.0,0.0,.020,,-5.3,0.2,-5.1,0.0
456,Karl-Anthony Towns\townska01,C,24,MIN,35,1187,26.8,.642,.445,.363,8.1,25.8,16.7,23.2,1.3,2.9,13.2,28.9,,3.9,1.4,5.3,.214,,6.8,1.4,8.2,3.0
457,Gary Trent\trentga02,SG,21,POR,43,767,12.6,.574,.632,.085,2.4,6.3,4.4,6.8,1.8,1.1,4.5,14.8,,1.2,0.3,1.4,.090,,1.2,-1.6,-0.4,0.3
458,Allonzo Trier\trieral01,PG,24,NYK,20,246,12.2,.587,.541,.459,1.7,9.8,5.6,14.6,0.4,1.5,16.4,21.0,,0.2,0.1,0.3,.055,,-1.0,-3.2,-4.3,-0.1
459,P.J. Tucker\tuckepj01,PF,34,HOU,54,1887,8.7,.580,.670,.136,4.6,16.3,10.4,6.0,1.5,1.0,14.5,8.7,,1.5,1.9,3.4,.086,,-1.0,1.4,0.5,1.2
460,Rayjon Tucker\tuckera01,SG,22,UTA,12,74,4.4,.448,.316,.263,3.1,12.6,8.1,3.7,0.7,0.0,12.4,14.3,,-0.1,0.1,0.0,-0.008,,-5.5,-1.3,-6.8,-0.1
461,Evan Turner\turneev01,PG,31,ATL,19,251,6.9,.424,.075,.209,3.4,13.0,8.2,20.7,1.7,2.7,26.2,16.4,,-0.5,0.1,-0.3,-0.064,,-7.2,0.3,-7.0,-0.3
462,Myles Turner\turnemy01,C,23,IND,45,1308,14.6,.568,.453,.295,4.4,18.8,11.7,5.9,1.2,5.8,11.3,17.9,,0.9,2.0,2.9,.106,,-1.0,2.5,1.5,1.2
463,Jonas Valančiūnas\valanjo01,C,27,MEM,51,1327,22.2,.631,.132,.231,11.7,30.8,21.4,11.1,0.8,4.0,13.2,21.7,,2.9,1.8,4.8,.173,,0.9,1.7,2.6,1.6
464,Denzel Valentine\valende01,SF,26,CHI,30,366,12.7,.520,.616,.030,1.1,16.5,8.5,14.7,2.6,1.3,10.7,21.7,,0.0,0.5,0.4,.058,,-1.3,-0.5,-1.9,0.0
465,Jarred Vanderbilt\vandeja01,SF-PF,20,TOT,11,46,7.6,.676,.125,.250,7.1,14.4,10.7,5.9,3.2,2.0,44.1,14.9,,-0.1,0.1,0.0,-0.016,,-5.9,1.8,-4.1,0.0
465,Jarred Vanderbilt\vandeja01,SF,20,DEN,9,41,7.2,.714,.000,.000,8.0,13.5,10.7,6.6,3.6,2.2,50.0,14.8,,-0.1,0.1,0.0,-0.031,,-6.2,2.9,-3.3,0.0
465,Jarred Vanderbilt\vandeja01,PF,20,MIN,2,5,11.2,.532,1.000,2.000,0.0,21.7,10.5,0.0,0.0,0.0,0.0,15.5,,0.0,0.0,0.0,.112,,-3.5,-7.3,-10.8,0.0
466,Fred VanVleet\vanvlfr01,PG,25,TOR,45,1621,16.6,.551,.473,.249,1.2,9.6,5.5,27.9,2.5,0.8,12.4,22.2,,2.4,2.4,4.8,.143,,1.9,0.2,2.1,1.7
467,Gabe Vincent\vincega01,PG,23,MIA,4,41,1.3,.316,.842,.000,0.0,7.8,4.1,10.2,1.2,0.0,0.0,20.4,,-0.1,0.0,-0.1,-0.104,,-5.3,-4.5,-9.8,-0.1
468,Noah Vonleh\vonleno01,C-PF,24,TOT,30,359,15.3,.614,.172,.345,9.9,25.7,17.6,10.6,1.4,1.4,16.6,13.8,,0.6,0.4,1.0,.128,,-1.7,0.6,-1.1,0.1
468,Noah Vonleh\vonleno01,C,24,MIN,29,347,15.4,.605,.163,.326,9.9,25.6,17.5,10.9,1.5,1.4,16.2,13.9,,0.6,0.4,0.9,.129,,-1.8,0.9,-0.9,0.1
468,Noah Vonleh\vonleno01,PF,24,DEN,1,12,11.9,1.064,1.000,2.000,9.1,27.7,18.4,0.0,0.0,0.0,34.7,10.4,,0.0,0.0,0.0,.096,,-1.3,-6.2,-7.5,0.0
469,Nikola Vučević\vucevni01,C,29,ORL,44,1415,21.6,.533,.294,.159,8.3,28.2,17.9,20.8,1.4,2.6,7.7,26.0,,2.2,2.3,4.4,.150,,2.2,2.2,4.3,2.3
470,Dean Wade\wadede01,PF,23,CLE,10,54,13.9,.766,.300,.100,4.0,28.9,16.4,2.6,1.8,4.7,22.3,10.6,,0.0,0.1,0.1,.094,,-3.5,1.0,-2.4,0.0
471,Moritz Wagner\wagnemo01,C,22,WAS,26,527,18.0,.678,.326,.290,7.2,24.0,15.3,9.4,1.6,2.4,18.4,21.0,,0.9,0.4,1.3,.114,,0.7,-0.7,-0.1,0.3
472,Dion Waiters\waitedi01,SG,28,MIA,3,42,13.8,.530,.654,.038,0.0,28.0,14.6,12.4,0.0,4.7,10.2,30.9,,-0.1,0.1,0.0,.007,,-2.5,-2.0,-4.5,0.0
473,Kemba Walker\walkeke02,PG,29,BOS,46,1481,21.0,.579,.520,.270,2.3,11.4,6.9,24.6,1.5,1.5,10.1,27.7,,3.7,1.8,5.5,.178,,4.7,-0.9,3.8,2.2
474,Lonnie Walker\walkelo01,SG,21,SAS,46,634,11.3,.517,.266,.219,3.1,12.8,8.0,7.6,1.8,1.1,9.6,19.3,,0.0,0.4,0.4,.028,,-2.7,-1.8,-4.4,-0.4
475,Tyrone Wallace\wallaty01,SG,25,ATL,14,160,3.9,.389,.341,.386,2.0,12.9,7.4,11.0,2.0,0.5,16.3,16.0,,-0.3,0.1,-0.2,-0.074,,-6.9,-1.3,-8.2,-0.3
476,Taurean Waller-Prince\princta02,SF,25,BRK,53,1573,9.9,.504,.588,.114,2.9,18.2,10.8,10.0,1.5,1.1,13.8,20.1,,-1.1,2.1,1.0,.032,,-2.4,0.5,-1.9,0.0
477,Derrick Walton\waltode01,PG,24,LAC,23,222,8.4,.626,.583,.250,0.9,5.9,3.5,12.6,0.8,0.0,9.1,8.2,,0.4,0.2,0.5,.110,,-0.9,-1.5,-2.4,0.0
478,Brad Wanamaker\wanambr01,PG,30,BOS,53,999,12.2,.557,.282,.352,1.4,9.8,5.7,19.3,1.9,1.0,15.5,16.0,,1.1,1.3,2.3,.112,,-1.4,0.0,-1.4,0.1
479,T.J. Warren\warretj01,SF,26,IND,52,1678,17.5,.600,.210,.231,3.1,9.6,6.4,6.6,1.8,1.3,7.0,22.6,,2.8,1.8,4.6,.131,,1.1,-0.8,0.3,1.0
480,P.J. Washington\washipj01,PF,21,CHO,47,1414,12.3,.550,.348,.244,3.1,17.2,9.9,10.8,1.5,2.5,12.9,17.7,,0.4,1.2,1.6,.054,,-2.0,0.7,-1.4,0.2
481,Yuta Watanabe\watanyu01,SG,25,MEM,9,49,7.9,.508,.286,.286,2.2,14.8,8.6,2.6,0.9,1.7,6.0,14.3,,0.0,0.0,0.0,.034,,-4.9,-1.8,-6.7,-0.1
482,Tremont Waters\watertr01,PG,22,BOS,9,73,8.2,.457,.536,.214,0.0,10.2,5.2,19.1,3.3,2.5,20.7,22.6,,-0.1,0.1,0.0,-0.011,,-4.8,0.5,-4.3,0.0
483,Paul Watson\watsopa01,SF-SG,25,TOT,4,22,-2.5,.063,.429,.286,0.0,14.6,7.3,21.8,2.1,0.0,0.0,14.9,,-0.1,0.0,-0.1,-0.206,,-11.1,-1.7,-12.8,-0.1
483,Paul Watson\watsopa01,SG,25,ATL,2,17,-7.1,.000,.429,.000,0.0,12.8,6.3,21.3,2.7,0.0,0.0,17.1,,-0.1,0.0,-0.1,-0.322,,-13.5,-2.0,-15.4,-0.1
483,Paul Watson\watsopa01,SF,25,TOR,2,5,13.2,.568,,,0.0,20.6,10.5,23.7,0.0,0.0,0.0,7.5,,0.0,0.0,0.0,.189,,-3.1,-0.8,-3.9,0.0
484,Quinndary Weatherspoon\weathqu01,SG,23,SAS,1,4,-10.0,.000,.000,.000,0.0,0.0,0.0,0.0,0.0,0.0,0.0,10.8,,0.0,0.0,0.0,-0.286,,-13.5,-3.7,-17.2,0.0
485,Russell Westbrook\westbru01,PG,31,HOU,45,1621,21.1,.531,.177,.292,4.7,18.5,11.6,35.7,2.1,0.8,14.6,34.2,,1.7,1.9,3.6,.106,,1.1,1.0,2.1,1.7
486,Coby White\whiteco01,SG,19,CHI,55,1337,10.1,.477,.482,.151,2.0,14.2,7.8,15.3,1.5,0.3,11.1,23.1,,-1.0,1.2,0.1,.005,,-2.8,-1.6,-4.4,-0.8
487,Derrick White\whitede01,SG,25,SAS,52,1237,15.6,.579,.339,.352,2.4,11.5,6.9,19.8,1.1,3.0,12.0,18.2,,2.1,0.7,2.7,.107,,0.7,-0.6,0.1,0.7
488,Hassan Whiteside\whiteha01,C,30,POR,51,1570,24.8,.640,.007,.356,13.4,33.2,23.5,5.9,0.6,8.2,13.5,19.5,,4.2,2.5,6.7,.205,,-0.1,3.2,3.1,2.0
489,Andrew Wiggins\wiggian01,SF-SG,24,TOT,45,1554,16.8,.543,.349,.275,3.2,12.4,7.7,18.6,1.1,2.2,11.0,27.8,,1.0,1.0,2.1,.063,,0.6,-1.2,-0.6,0.5
489,Andrew Wiggins\wiggian01,SF,24,MIN,42,1455,16.2,.535,.348,.262,3.3,12.7,7.9,18.4,0.9,2.1,10.8,28.0,,0.7,0.9,1.7,.055,,0.4,-1.3,-0.9,0.4
489,Andrew Wiggins\wiggian01,SG,24,GSW,3,99,25.3,.701,.375,.525,1.0,7.9,4.3,21.7,3.4,4.5,14.0,24.6,,0.3,0.1,0.4,.194,,3.6,0.0,3.6,0.1
490,Grant Williams\willigr01,PF,21,BOS,52,809,8.7,.528,.424,.297,6.8,11.5,9.2,8.9,1.3,3.3,18.7,12.1,,0.3,1.1,1.4,.082,,-2.0,1.9,-0.1,0.4
491,Johnathan Williams\willijo04,C,24,WAS,11,135,14.4,.643,.080,.200,11.7,23.3,17.3,5.8,0.3,3.8,12.8,9.6,,0.3,0.1,0.3,.114,,-1.4,-0.1,-1.5,0.0
492,Kenrich Williams\willike04,PF,25,NOP,35,779,7.7,.430,.671,.168,6.6,17.6,12.0,8.4,1.5,2.2,12.0,9.2,,0.1,0.7,0.8,.047,,-2.2,1.7,-0.5,0.3
493,Lou Williams\willilo02,SG,33,LAC,52,1562,17.3,.542,.331,.374,1.5,9.0,5.4,30.2,1.0,0.6,14.0,28.8,,2.0,1.4,3.4,.105,,1.0,-1.8,-0.8,0.5
494,Marvin Williams\willima02,PF,33,TOT,42,828,12.0,.599,.556,.243,2.0,13.2,7.4,7.5,1.6,2.4,9.5,13.8,,0.9,0.6,1.5,.090,,-1.2,-0.1,-1.4,0.1
494,Marvin Williams\willima02,PF,33,CHO,41,808,11.8,.593,.557,.238,1.9,13.2,7.3,7.7,1.6,2.5,9.7,13.9,,0.9,0.6,1.4,.085,,-1.3,0.0,-1.3,0.1
494,Marvin Williams\willima02,PF,33,MIL,1,20,17.0,.922,.500,.500,5.2,13.8,9.8,0.0,0.0,0.0,0.0,10.0,,0.1,0.0,0.1,.277,,2.2,-4.3,-2.1,0.0
495,Robert Williams\williro04,C,22,BOS,19,269,18.2,.671,.000,.286,9.3,25.4,17.4,10.7,3.1,7.2,22.5,11.3,,0.4,0.7,1.1,.195,,-1.1,7.0,5.9,0.5
496,Nigel Williams-Goss\willini01,PG,25,UTA,9,28,5.7,.254,.286,.286,8.2,11.1,9.7,22.2,1.7,3.0,20.2,15.4,,-0.1,0.0,0.0,-0.039,,-6.5,2.2,-4.3,0.0
497,Zion Williamson\willizi01,PF,19,NOP,10,274,25.4,.620,.076,.542,13.3,15.5,14.4,14.1,1.2,1.2,13.6,30.9,,0.7,0.2,0.9,.153,,2.4,-1.8,0.5,0.2
498,D.J. Wilson\wilsodj01,PF,23,MIL,26,235,7.8,.487,.570,.089,2.7,18.1,10.9,9.9,0.2,1.5,12.8,16.5,,-0.1,0.4,0.3,.055,,-4.1,-0.3,-4.4,-0.1
499,Justise Winslow\winslju01,SF,23,MIA,11,352,8.7,.440,.209,.209,5.3,17.3,11.6,18.6,1.0,1.4,14.6,20.7,,-0.4,0.4,0.0,.001,,-4.3,0.3,-3.9,-0.2
500,Christian Wood\woodch01,PF,24,DET,53,1013,22.6,.660,.283,.508,8.6,25.3,16.9,6.9,1.2,3.7,11.9,21.9,,2.8,1.2,4.0,.187,,1.1,-0.1,0.9,0.8
501,Delon Wright\wrighde01,SG,27,DAL,53,1116,16.6,.554,.297,.252,5.5,13.4,9.5,22.0,2.4,1.4,12.4,15.2,,2.3,1.2,3.5,.151,,1.0,1.2,2.2,1.2
502,Thaddeus Young\youngth01,PF,31,CHI,54,1296,12.2,.511,.365,.120,6.1,15.8,10.8,11.0,2.4,1.2,14.4,19.7,,-0.5,1.6,1.2,.043,,-2.4,0.7,-1.6,0.1
503,Trae Young\youngtr01,PG,21,ATL,50,1760,24.4,.599,.453,.444,1.8,11.8,6.7,45.9,1.5,0.2,16.4,35.0,,4.5,0.5,5.1,.138,,7.7,-2.7,5.0,3.1
504,Cody Zeller\zelleco01,C,27,CHO,50,1154,18.2,.563,.165,.340,12.7,21.1,16.7,10.8,1.4,1.8,11.6,20.9,,1.8,1.0,2.8,.118,,-0.1,-0.2,-0.3,0.5
505,Ante Žižić\zizican01,C,23,CLE,16,159,18.7,.621,.000,.306,9.6,28.8,19.1,2.9,1.8,2.1,8.3,16.2,,0.4,0.1,0.5,.151,,-2.4,-1.5,-3.9,-0.1
506,Ivica Zubac\zubaciv01,C,22,LAC,55,980,21.0,.637,.007,.408,15.0,25.2,20.2,8.7,0.5,4.9,11.9,16.6,,2.9,1.7,4.6,.224,,0.7,2.6,3.2,1.3